0 175
1 966
2 935
3 723
4 983
5 250
6 668
7 626
8 576
9 81
10 216
11 880
12 36
13 11
14 1008
15 361
16 387
17 553
18 430
19 302
20 144
21 164
22 98
23 748
24 644
25 712
26 913
27 579
28 537
29 696
30 941
31 614
32 34
33 243
34 559
35 126
36 290
37 469
38 1010
39 494
40 837
41 598
42 313
43 909
44 369
45 174
46 677
47 532
48 732
49 261
50 812
51 451
52 96
53 634
54 779
55 404
56 424
57 953
58 867
59 561
60 19
61 53
62 507
63 323
64 529
65 306
66 202
67 657
68 458
69 823
70 851
71 608
72 248
73 894
74 629
75 567
76 10
77 950
78 51
79 177
80 339
81 804
82 725
83 381
84 539
85 292
86 78
87 463
88 784
89 403
90 422
91 760
92 500
93 601
94 874
95 570
96 190
97 35
98 934
99 253
100 744
101 803
102 71
103 476
104 619
105 284
106 542
107 985
108 969
109 157
110 448
111 428
112 862
113 565
114 388
115 230
116 200
117 260
118 526
119 497
120 106
121 367
122 630
123 546
124 897
125 7
126 130
127 299
128 787
129 676
130 69
131 721
132 320
133 152
134 336
135 692
136 809
137 995
138 751
139 114
140 973
141 491
142 436
143 893
144 405
145 931
146 641
147 473
148 184
149 48
150 0
151 569
152 145
153 733
154 789
155 607
156 832
157 978
158 249
159 346
160 383
161 674
162 1023
163 813
164 423
165 275
166 192
167 998
168 460
169 143
170 515
171 554
172 916
173 76
174 493
175 9
176 717
177 933
178 246
179 890
180 399
181 287
182 805
183 49
184 788
185 188
186 603
187 333
188 648
189 357
190 314
191 379
192 624
193 116
194 462
195 957
196 489
197 219
198 691
199 255
200 23
201 183
202 203
203 833
204 557
205 854
206 100
207 386
208 993
209 66
210 769
211 525
212 1011
213 671
214 655
215 965
216 40
217 632
218 138
219 828
220 486
221 257
222 597
223 577
224 461
225 324
226 276
227 88
228 884
229 555
230 205
231 402
232 356
233 50
234 860
235 936
236 1018
237 808
238 259
239 113
240 431
241 770
242 498
243 975
244 530
245 734
246 824
247 716
248 903
249 643
250 883
251 204
252 178
253 2
254 928
255 1009
256 848
257 102
258 958
259 84
260 587
261 440
262 303
263 663
264 332
265 363
266 226
267 806
268 258
269 15
270 495
271 901
272 206
273 103
274 783
275 172
276 845
277 688
278 534
279 968
280 922
281 728
282 459
283 289
284 877
285 375
286 122
287 820
288 599
289 752
290 660
291 335
292 636
293 776
294 241
295 544
296 272
297 992
298 221
299 799
300 841
301 524
302 919
303 401
304 713
305 869
306 449
307 197
308 315
309 294
310 140
311 482
312 342
313 949
314 229
315 771
316 659
317 384
318 580
319 1006
320 168
321 513
322 687
323 73
324 802
325 872
326 265
327 443
328 639
329 821
330 93
331 839
332 955
333 132
334 611
335 496
336 425
337 987
338 547
339 55
340 408
341 908
342 20
343 220
344 646
345 682
346 370
347 737
348 351
349 150
350 264
351 1016
352 325
353 301
354 195
355 924
356 94
357 568
358 446
359 905
360 223
361 394
362 112
363 745
364 29
365 777
366 541
367 522
368 876
369 153
370 322
371 707
372 678
373 588
374 262
375 457
376 979
377 939
378 1017
379 793
380 810
381 652
382 504
383 827
384 896
385 3
386 134
387 160
388 291
389 244
390 372
391 321
392 767
393 528
394 427
395 24
396 937
397 1007
398 693
399 224
400 354
401 635
402 964
403 89
404 875
405 337
406 409
407 186
408 391
409 4
410 273
411 477
412 439
413 128
414 298
415 698
416 506
417 540
418 592
419 101
420 790
421 948
422 256
423 617
424 763
425 37
426 834
427 318
428 667
429 889
430 400
431 930
432 735
433 863
434 371
435 6
436 341
437 1022
438 82
439 234
440 142
441 706
442 981
443 420
444 829
445 882
446 475
447 627
448 951
449 560
450 395
451 14
452 738
453 340
454 514
455 158
456 596
457 719
458 137
459 702
460 764
461 830
462 899
463 288
464 658
465 814
466 97
467 465
468 410
469 308
470 1014
471 334
472 393
473 232
474 201
475 562
476 77
477 927
478 54
479 18
480 492
481 589
482 775
483 871
484 511
485 665
486 278
487 437
488 1003
489 161
490 109
491 218
492 853
493 628
494 986
495 136
496 59
497 602
498 795
499 368
500 87
501 959
502 41
503 516
504 722
505 907
506 680
507 585
508 838
509 199
510 254
511 664
512 980
513 231
514 22
515 274
516 348
517 605
518 317
519 996
520 881
521 61
522 772
523 631
524 517
525 743
526 185
527 127
528 654
529 791
530 538
531 926
532 358
533 816
534 79
535 447
536 902
537 305
538 1021
539 574
540 413
541 616
542 761
543 27
544 672
545 382
546 480
547 866
548 694
549 818
550 991
551 362
552 331
553 182
554 653
555 445
556 945
557 571
558 785
559 604
560 753
561 70
562 107
563 141
564 503
565 856
566 280
567 1001
568 316
569 252
570 360
571 825
572 442
573 343
574 666
575 895
576 615
577 385
578 207
579 411
580 731
581 191
582 159
583 961
584 235
585 74
586 17
587 811
588 749
589 765
590 840
591 536
592 42
593 640
594 689
595 319
596 377
597 499
598 211
599 455
600 963
601 1015
602 165
603 397
604 86
605 251
606 285
607 826
608 714
609 355
610 551
611 647
612 859
613 625
614 750
615 450
616 595
617 62
618 921
619 697
620 215
621 782
622 304
623 946
624 133
625 80
626 510
627 481
628 115
629 349
630 670
631 268
632 888
633 329
634 831
635 651
636 396
637 972
638 563
639 711
640 307
641 196
642 736
643 485
644 242
645 918
646 453
647 600
648 873
649 940
650 283
651 756
652 835
653 326
654 434
655 1013
656 584
657 131
658 710
659 662
660 543
661 800
662 67
663 730
664 32
665 855
666 296
667 95
668 944
669 642
670 5
671 757
672 819
673 836
674 971
675 117
676 352
677 176
678 378
679 239
680 1012
681 271
682 479
683 778
684 566
685 330
686 39
687 705
688 214
689 847
690 994
691 755
692 661
693 947
694 533
695 121
696 726
697 925
698 591
699 269
700 684
701 798
702 44
703 703
704 311
705 464
706 421
707 906
708 162
709 13
710 105
711 637
712 392
713 237
714 210
715 942
716 885
717 85
718 1005
719 30
720 850
721 471
722 180
723 590
724 912
725 508
726 699
727 774
728 556
729 374
730 209
731 347
732 870
733 742
734 490
735 417
736 25
737 794
738 125
739 954
740 758
741 444
742 390
743 147
744 817
745 163
746 609
747 649
748 849
749 917
750 683
751 266
752 715
753 47
754 310
755 345
756 754
757 521
758 578
759 989
760 868
761 8
762 28
763 900
764 167
765 550
766 456
767 193
768 695
769 478
770 240
771 505
772 797
773 92
774 780
775 432
776 297
777 1
778 213
779 75
780 1019
781 350
782 990
783 119
784 181
785 586
786 38
787 920
788 613
789 724
790 139
791 701
792 501
793 398
794 467
795 786
796 91
797 844
798 270
799 669
800 740
801 426
802 327
803 974
804 21
805 910
806 1004
807 575
808 58
809 938
810 622
811 606
812 807
813 690
814 344
815 245
816 861
817 124
818 149
819 520
820 558
821 729
822 967
823 171
824 309
825 766
826 898
827 373
828 879
829 68
830 429
831 52
832 281
833 454
834 594
835 519
836 472
837 681
838 988
839 118
840 739
841 612
842 762
843 718
844 380
845 225
846 364
847 572
848 295
849 842
850 16
851 65
852 792
853 952
854 593
855 984
856 312
857 33
858 338
859 279
860 518
861 212
862 187
863 700
864 247
865 673
866 727
867 545
868 414
869 441
870 768
871 63
872 99
873 621
874 943
875 801
876 846
877 156
878 217
879 366
880 120
881 26
882 675
883 581
884 416
885 822
886 267
887 915
888 1002
889 650
890 470
891 438
892 46
893 531
894 962
895 293
896 72
897 709
898 796
899 618
900 148
901 843
902 583
903 222
904 415
905 277
906 549
907 468
908 359
909 433
910 904
911 645
912 747
913 878
914 104
915 300
916 64
917 328
918 484
919 620
920 189
921 151
922 173
923 552
924 263
925 353
926 708
927 1000
928 376
929 83
930 582
931 746
932 977
933 911
934 111
935 452
936 638
937 419
938 233
939 170
940 282
941 435
942 146
943 474
944 864
945 31
946 685
947 999
948 720
949 781
950 759
951 573
952 129
953 960
954 914
955 407
956 656
957 1020
958 509
959 488
960 892
961 56
962 238
963 982
964 741
965 865
966 198
967 90
968 389
969 123
970 286
971 815
972 406
973 623
974 773
975 704
976 548
977 466
978 45
979 970
980 502
981 179
982 155
983 227
984 997
985 929
986 852
987 483
988 523
989 686
990 135
991 418
992 12
993 365
994 108
995 886
996 976
997 208
998 57
999 633
1000 228
1001 564
1002 610
1003 487
1004 169
1005 923
1006 527
1007 857
1008 956
1009 412
1010 679
1011 110
1012 887
1013 194
1014 43
1015 60
1016 236
1017 535
1018 154
1019 166
1020 891
1021 932
1022 512
1023 858
