0 8144
1 3454
2 3769
3 1119
4 7268
5 819
6 4309
7 3521
8 2638
9 5844
10 5094
11 3616
12 6414
13 6046
14 4895
15 5459
16 1524
17 2088
18 5919
19 6599
20 275
21 1443
22 7683
23 3352
24 2790
25 6907
26 2902
27 1782
28 1363
29 2350
30 7458
31 175
32 3897
33 3231
34 6255
35 473
36 1912
37 5716
38 4527
39 4232
40 5277
41 2449
42 7144
43 4374
44 4079
45 6328
46 2539
47 7358
48 640
49 6753
50 4643
51 58
52 7891
53 3065
54 914
55 5185
56 6668
57 4155
58 1016
59 7037
60 2711
61 6528
62 735
63 1588
64 7822
65 7758
66 5581
67 3747
68 1108
69 8130
70 6818
71 3827
72 3430
73 2211
74 4776
75 8058
76 1177
77 3588
78 4885
79 5039
80 7587
81 5648
82 558
83 6428
84 7234
85 344
86 1274
87 2994
88 7972
89 1994
90 2282
91 2795
92 6140
93 806
94 5907
95 7450
96 6953
97 4450
98 2106
99 2892
100 1697
101 5112
102 1844
103 7520
104 3929
105 5501
106 4289
107 3150
108 5307
109 2392
110 1481
111 3318
112 2558
113 7131
114 4699
115 457
116 3512
117 195
118 6597
119 6207
120 1365
121 4570
122 7366
123 7054
124 6033
125 5843
126 6305
127 5427
128 53
129 7700
130 1613
131 2668
132 3080
133 6661
134 7800
135 6497
136 4172
137 3794
138 4951
139 6771
140 8163
141 962
142 3383
143 4878
144 1133
145 5666
146 523
147 4370
148 4076
149 3251
150 357
151 5015
152 4804
153 7598
154 2957
155 2826
156 1981
157 5190
158 127
159 1243
160 6402
161 3621
162 619
163 6844
164 894
165 1027
166 7966
167 7519
168 2314
169 8075
170 3958
171 708
172 6941
173 3688
174 2070
175 1874
176 4246
177 5102
178 1784
179 2386
180 2176
181 2479
182 1472
183 2743
184 809
185 3179
186 7272
187 428
188 7160
189 5288
190 3474
191 292
192 6290
193 7668
194 1599
195 4633
196 4513
197 5395
198 6192
199 6694
200 5591
201 7440
202 2560
203 212
204 6556
205 1720
206 7009
207 3091
208 7772
209 3793
210 7855
211 4915
212 1128
213 8171
214 7350
215 3865
216 5460
217 5929
218 1362
219 2811
220 5864
221 4754
222 2904
223 5177
224 1969
225 1238
226 131
227 6812
228 5704
229 4134
230 4369
231 508
232 4057
233 4819
234 7996
235 3359
236 28
237 6372
238 998
239 6436
240 6895
241 4279
242 8083
243 2414
244 2312
245 741
246 1872
247 2111
248 1503
249 3619
250 3990
251 7540
252 661
253 3264
254 2040
255 379
256 3014
257 7129
258 4211
259 2627
260 7243
261 5316
262 278
263 4615
264 2732
265 6122
266 5631
267 4439
268 6609
269 2537
270 3467
271 837
272 7756
273 6713
274 1627
275 905
276 3174
277 3095
278 6990
279 6035
280 5095
281 5425
282 7650
283 5503
284 2187
285 4897
286 3840
287 5186
288 1131
289 5884
290 3737
291 4977
292 1972
293 1292
294 4745
295 2831
296 1375
297 7920
298 1203
299 4139
300 5696
301 7394
302 1043
303 1741
304 4826
305 586
306 6281
307 3389
308 5761
309 7056
310 4533
311 8050
312 2364
313 6891
314 1818
315 1471
316 3949
317 3573
318 6397
319 7547
320 8178
321 4346
322 39
323 2057
324 1905
325 723
326 7460
327 4662
328 6787
329 1554
330 6147
331 418
332 5345
333 5612
334 3311
335 2620
336 6644
337 4244
338 4032
339 949
340 139
341 3233
342 5265
343 6055
344 3157
345 7778
346 885
347 5949
348 5121
349 2723
350 6487
351 3037
352 5455
353 7209
354 493
355 7624
356 3780
357 3509
358 2466
359 4946
360 2798
361 6570
362 2544
363 813
364 4132
365 3715
366 5195
367 2897
368 7864
369 1392
370 234
371 1698
372 5868
373 3376
374 5759
375 1314
376 7030
377 2209
378 4787
379 1240
380 308
381 8007
382 572
383 1820
384 8084
385 1139
386 2335
387 2125
388 3850
389 3611
390 23
391 6340
392 716
393 7137
394 1907
395 6896
396 1041
397 411
398 1991
399 4603
400 4356
401 1537
402 4680
403 6179
404 7299
405 7706
406 3270
407 7401
408 4454
409 2624
410 4283
411 6256
412 6066
413 2965
414 5048
415 6002
416 122
417 7483
418 7774
419 5286
420 3122
421 6421
422 3478
423 2427
424 5567
425 3204
426 484
427 856
428 5669
429 6758
430 7589
431 2522
432 3717
433 3041
434 4103
435 6567
436 6671
437 3408
438 5913
439 4930
440 5502
441 7041
442 4744
443 1360
444 4219
445 1749
446 5842
447 1634
448 1231
449 6503
450 5412
451 2696
452 4005
453 8088
454 2797
455 8179
456 5132
457 1832
458 2336
459 7142
460 2079
461 6348
462 1978
463 6888
464 236
465 2192
466 1543
467 1149
468 3845
469 3635
470 681
471 4555
472 4627
473 6952
474 3283
475 1911
476 7884
477 378
478 4438
479 1017
480 5219
481 87
482 5733
483 2875
484 2260
485 3561
486 8
487 7477
488 4328
489 7731
490 2977
491 3201
492 557
493 5659
494 5340
495 7618
496 4839
497 1436
498 6427
499 7221
500 2630
501 6054
502 3069
503 3489
504 7309
505 4119
506 5588
507 4721
508 7961
509 6687
510 4986
511 5989
512 1324
513 909
514 5801
515 5475
516 5896
517 3396
518 476
519 8190
520 8057
521 784
522 2520
523 2744
524 306
525 4903
526 5138
527 6350
528 6878
529 3976
530 6572
531 1115
532 1512
533 3641
534 2341
535 6767
536 3837
537 7011
538 1999
539 1803
540 3767
541 7099
542 3136
543 4505
544 7869
545 1187
546 5227
547 1576
548 6217
549 2063
550 4427
551 1898
552 4575
553 201
554 6494
555 7376
556 4223
557 1721
558 7536
559 115
560 3256
561 642
562 4052
563 5346
564 4836
565 7444
566 2424
567 5681
568 7639
569 3552
570 2605
571 12
572 2973
573 4287
574 7728
575 4748
576 7206
577 2137
578 6043
579 2863
580 883
581 7990
582 1416
583 3050
584 1284
585 5454
586 731
587 4141
588 1348
589 3417
590 7803
591 6296
592 801
593 5012
594 956
595 402
596 5973
597 520
598 5841
599 2733
600 3342
601 3623
602 5616
603 303
604 1965
605 1052
606 7024
607 7114
608 4944
609 6659
610 2339
611 6583
612 4660
613 6915
614 6360
615 6828
616 6110
617 1635
618 4566
619 2235
620 1186
621 1564
622 4362
623 6485
624 8174
625 647
626 3687
627 5354
628 96
629 6756
630 5130
631 4479
632 7510
633 1772
634 2652
635 5249
636 8091
637 3935
638 7903
639 4778
640 1893
641 14
642 5734
643 2477
644 3823
645 4242
646 3114
647 4077
648 7642
649 2116
650 176
651 5540
652 1453
653 882
654 7203
655 6201
656 3044
657 2940
658 1338
659 1273
660 2845
661 7367
662 7442
663 4850
664 5969
665 5876
666 5011
667 984
668 2008
669 442
670 285
671 3392
672 7091
673 805
674 3532
675 7279
676 5655
677 6580
678 3286
679 2717
680 530
681 4002
682 7813
683 6386
684 4565
685 2585
686 7723
687 713
688 6971
689 4377
690 1565
691 6099
692 7977
693 1708
694 2185
695 1163
696 2346
697 5432
698 6690
699 1785
700 8131
701 3739
702 5362
703 4676
704 605
705 1863
706 5755
707 5147
708 6880
709 2433
710 4746
711 377
712 2274
713 3132
714 4083
715 4178
716 3848
717 6502
718 4466
719 6171
720 3629
721 7608
722 7509
723 3202
724 155
725 1078
726 3913
727 2113
728 4847
729 1257
730 4284
731 4945
732 7180
733 5281
734 5050
735 3455
736 5995
737 1385
738 1006
739 305
740 910
741 7260
742 5551
743 2806
744 1640
745 2916
746 7090
747 1995
748 6362
749 7840
750 4007
751 2603
752 6799
753 1321
754 448
755 536
756 2737
757 6579
758 1506
759 8025
760 7006
761 3054
762 7339
763 1757
764 5671
765 5465
766 6061
767 7720
768 4385
769 606
770 2345
771 1876
772 810
773 4634
774 6282
775 3325
776 706
777 5869
778 3741
779 16
780 4551
781 4073
782 5802
783 1572
784 3542
785 2472
786 6454
787 1154
788 8109
789 7497
790 6676
791 2167
792 4145
793 7914
794 109
795 5364
796 4775
797 225
798 4253
799 3841
800 4933
801 2241
802 3632
803 5972
804 299
805 5156
806 1028
807 7218
808 5246
809 4483
810 6889
811 945
812 2003
813 2877
814 5079
815 1255
816 3442
817 2663
818 6782
819 7416
820 6180
821 7636
822 7151
823 5568
824 6524
825 3070
826 1498
827 6380
828 5690
829 370
830 3918
831 7979
832 7568
833 462
834 4366
835 2575
836 2101
837 2780
838 5461
839 826
840 6050
841 4702
842 3232
843 2383
844 6269
845 2959
846 1404
847 3299
848 692
849 1616
850 538
851 4569
852 8045
853 4045
854 6602
855 1808
856 3148
857 2448
858 1191
859 5784
860 5879
861 7036
862 1340
863 3566
864 4913
865 5313
866 2184
867 4164
868 7316
869 5391
870 6670
871 3799
872 3719
873 4500
874 5203
875 6926
876 7247
877 80
878 1089
879 8160
880 7762
881 6450
882 2651
883 1691
884 896
885 7504
886 197
887 7136
888 2315
889 7424
890 4797
891 1939
892 5025
893 321
894 3366
895 1025
896 5118
897 2035
898 433
899 6795
900 7697
901 3040
902 2752
903 5968
904 4271
905 5624
906 3214
907 1470
908 4729
909 5546
910 2105
911 3293
912 6287
913 2925
914 6186
915 664
916 8081
917 825
918 3967
919 509
920 7954
921 4072
922 3631
923 3115
924 6100
925 2474
926 1871
927 740
928 5806
929 2400
930 5698
931 5323
932 2203
933 6576
934 3437
935 1598
936 4415
937 7354
938 573
939 3809
940 4506
941 3535
942 1123
943 6665
944 1265
945 1377
946 4927
947 5217
948 890
949 7070
950 7591
951 6471
952 1790
953 196
954 7488
955 6391
956 7797
957 5892
958 4200
959 2270
960 3
961 3363
962 5053
963 6956
964 284
965 2853
966 1195
967 5426
968 86
969 8187
970 2992
971 1529
972 2588
973 4719
974 5561
975 1448
976 3707
977 3196
978 6018
979 7204
980 2781
981 409
982 4654
983 6788
984 961
985 6195
986 2118
987 4334
988 7953
989 6854
990 6264
991 5148
992 2493
993 4021
994 1878
995 6117
996 667
997 7866
998 4107
999 2348
1000 5495
1001 1039
1002 6555
1003 745
1004 1607
1005 7277
1006 2653
1007 6699
1008 1674
1009 6624
1010 2037
1011 3947
1012 4988
1013 4814
1014 3297
1015 7025
1016 1112
1017 5258
1018 7426
1019 4514
1020 7794
1021 3784
1022 7516
1023 7609
1024 5626
1025 4245
1026 1268
1027 7693
1028 8020
1029 5795
1030 4588
1031 4904
1032 6433
1033 5935
1034 3494
1035 5052
1036 3049
1037 590
1038 3386
1039 329
1040 260
1041 3184
1042 2861
1043 97
1044 11
1045 7162
1046 6341
1047 420
1048 6049
1049 5369
1050 2950
1051 1442
1052 3713
1053 6775
1054 908
1055 6184
1056 2509
1057 2442
1058 2245
1059 6894
1060 1765
1061 2580
1062 4705
1063 490
1064 4135
1065 1864
1066 3602
1067 2734
1068 1954
1069 4046
1070 711
1071 7356
1072 7867
1073 2166
1074 5439
1075 2045
1076 5530
1077 6632
1078 5691
1079 7080
1080 4780
1081 7228
1082 3320
1083 3946
1084 4476
1085 4386
1086 190
1087 5287
1088 7479
1089 1513
1090 8164
1091 1592
1092 2648
1093 1677
1094 7974
1095 7796
1096 2334
1097 1120
1098 5770
1099 1185
1100 3802
1101 4228
1102 1305
1103 3082
1104 8052
1105 4614
1106 4925
1107 596
1108 1051
1109 7718
1110 5077
1111 2884
1112 332
1113 5150
1114 5845
1115 5912
1116 2969
1117 7594
1118 48
1119 6181
1120 3673
1121 5594
1122 6989
1123 6440
1124 6793
1125 3447
1126 873
1127 6004
1128 529
1129 2820
1130 1793
1131 6711
1132 2413
1133 1888
1134 403
1135 2569
1136 1976
1137 4011
1138 7404
1139 6069
1140 743
1141 3194
1142 2152
1143 4125
1144 6260
1145 5695
1146 3285
1147 3609
1148 7297
1149 4734
1150 4534
1151 6871
1152 6611
1153 4802
1154 3875
1155 7474
1156 2056
1157 3377
1158 5511
1159 5005
1160 7108
1161 3527
1162 5390
1163 4378
1164 4442
1165 987
1166 8142
1167 7904
1168 6546
1169 3777
1170 1194
1171 1415
1172 2741
1173 4929
1174 1725
1175 7699
1176 1333
1177 1091
1178 3066
1179 5124
1180 2980
1181 5779
1182 8017
1183 51
1184 141
1185 4220
1186 679
1187 6444
1188 1611
1189 2294
1190 7551
1191 5859
1192 245
1193 6375
1194 7625
1195 7029
1196 5984
1197 4657
1198 2865
1199 7213
1200 406
1201 2650
1202 592
1203 320
1204 1887
1205 5221
1206 3193
1207 2370
1208 6058
1209 2440
1210 1977
1211 4056
1212 7833
1213 1545
1214 5589
1215 4567
1216 1806
1217 2173
1218 3705
1219 4308
1220 3941
1221 3844
1222 6945
1223 6310
1224 4846
1225 4722
1226 5383
1227 515
1228 2521
1229 1004
1230 7485
1231 4495
1232 7122
1233 3549
1234 1211
1235 5685
1236 6678
1237 5504
1238 6826
1239 3360
1240 8100
1241 7334
1242 4958
1243 932
1244 6525
1245 3448
1246 6182
1247 2987
1248 1143
1249 8185
1250 1076
1251 4239
1252 7755
1253 120
1254 687
1255 4128
1256 1290
1257 1703
1258 7902
1259 2715
1260 6441
1261 3628
1262 5295
1263 840
1264 4404
1265 4631
1266 2872
1267 7255
1268 3278
1269 2262
1270 754
1271 295
1272 7605
1273 1877
1274 7408
1275 2042
1276 3159
1277 2785
1278 2357
1279 1450
1280 5120
1281 4023
1282 2139
1283 5835
1284 2609
1285 1526
1286 6905
1287 6102
1288 4325
1289 5753
1290 362
1291 3891
1292 3818
1293 2444
1294 1608
1295 7687
1296 6754
1297 3712
1298 555
1299 466
1300 1221
1301 5622
1302 5047
1303 6596
1304 8005
1305 4547
1306 7531
1307 4817
1308 7068
1309 1963
1310 36
1311 5230
1312 6190
1313 7182
1314 5915
1315 6344
1316 3053
1317 5545
1318 1780
1319 6010
1320 6663
1321 8115
1322 4168
1323 2988
1324 3419
1325 4711
1326 1319
1327 7905
1328 622
1329 901
1330 4091
1331 1152
1332 4444
1333 1707
1334 3515
1335 215
1336 1033
1337 5373
1338 4942
1339 770
1340 2710
1341 3221
1342 2365
1343 6461
1344 696
1345 6840
1346 7766
1347 2256
1348 7438
1349 7292
1350 8189
1351 5849
1352 4254
1353 3988
1354 6076
1355 2834
1356 2552
1357 368
1358 2451
1359 6982
1360 5157
1361 1510
1362 6278
1363 138
1364 2120
1365 7607
1366 460
1367 6735
1368 7671
1369 3645
1370 4541
1371 6911
1372 3782
1373 3919
1374 5026
1375 4322
1376 3579
1377 7973
1378 3310
1379 1986
1380 4785
1381 2626
1382 5688
1383 7149
1384 1
1385 6141
1386 5257
1387 1632
1388 540
1389 7511
1390 6387
1391 3716
1392 4668
1393 3144
1394 2899
1395 5565
1396 6605
1397 1400
1398 6000
1399 8071
1400 1711
1401 3434
1402 3012
1403 4080
1404 4943
1405 1875
1406 1046
1407 3217
1408 3510
1409 967
1410 2358
1411 684
1412 2278
1413 755
1414 6467
1415 4458
1416 1802
1417 7374
1418 298
1419 7746
1420 5500
1421 7225
1422 4248
1423 2514
1424 5822
1425 1271
1426 8191
1427 604
1428 4160
1429 7886
1430 1137
1431 6737
1432 446
1433 2431
1434 7613
1435 4587
1436 142
1437 2091
1438 3936
1439 6872
1440 2182
1441 5399
1442 6291
1443 5134
1444 886
1445 4323
1446 3788
1447 1945
1448 1555
1449 4843
1450 7049
1451 2684
1452 6955
1453 6112
1454 2787
1455 5746
1456 6531
1457 220
1458 5063
1459 49
1460 5918
1461 7115
1462 5613
1463 3141
1464 3693
1465 7529
1466 2985
1467 8121
1468 4014
1469 1366
1470 4960
1471 5988
1472 6191
1473 3453
1474 4759
1475 7303
1476 2582
1477 712
1478 3260
1479 776
1480 4493
1481 2276
1482 6355
1483 7690
1484 1692
1485 7821
1486 343
1487 8033
1488 516
1489 4688
1490 5327
1491 594
1492 3591
1493 6806
1494 4389
1495 5467
1496 4227
1497 1800
1498 4149
1499 3357
1500 985
1501 1200
1502 5201
1503 1474
1504 2887
1505 3944
1506 7918
1507 6459
1508 2517
1509 5829
1510 2420
1511 897
1512 3781
1513 151
1514 4611
1515 6271
1516 4892
1517 2693
1518 1134
1519 6067
1520 2163
1521 6566
1522 2078
1523 7233
1524 5903
1525 1610
1526 6698
1527 3126
1528 5099
1529 219
1530 7017
1531 4318
1532 40
1533 1336
1534 7085
1535 3689
1536 5726
1537 1539
1538 2968
1539 1968
1540 8104
1541 7611
1542 440
1543 794
1544 5584
1545 3516
1546 4489
1547 2778
1548 1680
1549 4064
1550 2347
1551 6882
1552 6366
1553 7546
1554 5033
1555 7841
1556 4782
1557 3273
1558 327
1559 675
1560 1065
1561 2253
1562 4394
1563 1816
1564 6176
1565 3604
1566 7333
1567 4233
1568 7166
1569 7733
1570 5419
1571 6488
1572 7445
1573 5311
1574 2882
1575 3898
1576 877
1577 1245
1578 1881
1579 528
1580 4926
1581 2616
1582 5650
1583 5239
1584 6017
1585 8040
1586 3033
1587 6103
1588 4621
1589 6285
1590 6769
1591 6695
1592 2438
1593 105
1594 3107
1595 977
1596 5916
1597 255
1598 1426
1599 4686
1600 2714
1601 6991
1602 6573
1603 7951
1604 3686
1605 30
1606 8145
1607 5103
1608 2095
1609 5824
1610 1590
1611 3200
1612 1668
1613 2511
1614 3382
1615 4470
1616 3504
1617 4017
1618 5020
1619 2028
1620 7812
1621 7610
1622 5571
1623 7246
1624 453
1625 4133
1626 1346
1627 6396
1628 3312
1629 2300
1630 722
1631 7312
1632 342
1633 634
1634 2194
1635 1145
1636 7405
1637 4783
1638 4222
1639 4340
1640 7701
1641 6480
1642 1069
1643 1795
1644 2816
1645 3895
1646 5727
1647 2578
1648 5275
1649 4924
1650 5654
1651 3568
1652 2949
1653 2649
1654 6211
1655 1959
1656 6827
1657 6906
1658 146
1659 2419
1660 7533
1661 3105
1662 5341
1663 3015
1664 8026
1665 2746
1666 6020
1667 7033
1668 222
1669 1465
1670 3657
1671 6601
1672 7944
1673 1228
1674 3727
1675 5810
1676 847
1677 43
1678 6330
1679 8096
1680 5926
1681 4687
1682 4531
1683 6739
1684 4601
1685 5211
1686 912
1687 5542
1688 8161
1689 6675
1690 6093
1691 1388
1692 7878
1693 3429
1694 3970
1695 7238
1696 4140
1697 990
1698 748
1699 1135
1700 514
1701 2049
1702 1294
1703 2502
1704 416
1705 2263
1706 4066
1707 4790
1708 1587
1709 6463
1710 4367
1711 1716
1712 5114
1713 3330
1714 3806
1715 2337
1716 7410
1717 5692
1718 347
1719 3192
1720 5038
1721 2903
1722 3261
1723 6209
1724 4912
1725 589
1726 1892
1727 7628
1728 3896
1729 5392
1730 1058
1731 6527
1732 171
1733 2608
1734 7810
1735 7103
1736 7517
1737 1810
1738 6919
1739 2436
1740 4213
1741 7948
1742 3081
1743 4452
1744 2789
1745 5300
1746 3546
1747 676
1748 4586
1749 8056
1750 5839
1751 5233
1752 5496
1753 5941
1754 2124
1755 2991
1756 5601
1757 4684
1758 5766
1759 7012
1760 244
1761 7223
1762 6662
1763 7708
1764 77
1765 7330
1766 1476
1767 1318
1768 4301
1769 1410
1770 979
1771 2269
1772 497
1773 849
1774 3637
1775 6347
1776 2686
1777 1170
1778 8175
1779 4111
1780 1604
1781 1690
1782 359
1783 7396
1784 6736
1785 2874
1786 2543
1787 6130
1788 3439
1789 6434
1790 3982
1791 6847
1792 3763
1793 4811
1794 4880
1795 6544
1796 5001
1797 591
1798 6252
1799 3246
1800 2355
1801 1908
1802 7824
1803 7622
1804 7104
1805 1071
1806 7983
1807 3146
1808 1990
1809 3832
1810 6940
1811 168
1812 6028
1813 13
1814 5431
1815 715
1816 5336
1817 4417
1818 4519
1819 2136
1820 5141
1821 4673
1822 5765
1823 1817
1824 5572
1825 7250
1826 8066
1827 6664
1828 2966
1829 7544
1830 2756
1831 1315
1832 3520
1833 7716
1834 4737
1835 1504
1836 7329
1837 3362
1838 2232
1839 2459
1840 2669
1841 1148
1842 7901
1843 881
1844 5224
1845 518
1846 1584
1847 3592
1848 5936
1849 6744
1850 1239
1851 432
1852 8167
1853 4085
1854 3955
1855 249
1856 6361
1857 2840
1858 5065
1859 6486
1860 7022
1861 3036
1862 3671
1863 4337
1864 4970
1865 6199
1866 2523
1867 4019
1868 629
1869 7121
1870 88
1871 4833
1872 3103
1873 1744
1874 1063
1875 7634
1876 6037
1877 2387
1878 7999
1879 361
1880 6933
1881 2601
1882 2061
1883 6279
1884 5417
1885 4421
1886 1667
1887 15
1888 7799
1889 5678
1890 7436
1891 5549
1892 2958
1893 2156
1894 4512
1895 5342
1896 1342
1897 6866
1898 996
1899 4612
1900 3227
1901 7245
1902 5149
1903 6660
1904 6106
1905 4204
1906 5861
1907 3768
1908 1946
1909 926
1910 6594
1911 7319
1912 7882
1913 2757
1914 833
1915 1461
1916 7705
1917 8102
1918 3458
1919 8177
1920 1814
1921 3560
1922 732
1923 5045
1924 5266
1925 3855
1926 3680
1927 482
1928 1129
1929 6760
1930 2279
1931 2855
1932 2530
1933 4355
1934 7078
1935 3370
1936 4120
1937 4821
1938 1264
1939 3052
1940 6519
1941 5757
1942 551
1943 124
1944 3128
1945 2407
1946 2024
1947 6408
1948 3921
1949 1568
1950 261
1951 4276
1952 5478
1953 1733
1954 4681
1955 5662
1956 7478
1957 7633
1958 6039
1959 7802
1960 2932
1961 2090
1962 5956
1963 4940
1964 395
1965 7993
1966 4447
1967 2199
1968 5196
1969 5125
1970 6178
1971 3989
1972 4187
1973 7153
1974 991
1975 6293
1976 4561
1977 5872
1978 6983
1979 1641
1980 26
1981 6908
1982 7320
1983 1931
1984 7239
1985 5577
1986 3466
1987 3209
1988 6831
1989 1819
1990 650
1991 5272
1992 764
1993 3760
1994 6706
1995 2824
1996 5018
1997 3584
1998 2264
1999 3333
2000 2677
2001 2481
2002 1130
2003 8111
2004 6536
2005 4777
2006 1359
2007 7715
2008 188
2009 5414
2010 501
2011 3089
2012 5349
2013 6438
2014 4864
2015 3870
2016 6367
2017 7048
2018 1214
2019 2586
2020 895
2021 6615
2022 7554
2023 4110
2024 5683
2025 2361
2026 2937
2027 5509
2028 274
2029 4277
2030 4436
2031 6071
2032 1059
2033 2009
2034 5799
2035 1735
2036 8023
2037 7481
2038 6183
2039 1282
2040 585
2041 2103
2042 95
2043 5175
2044 4677
2045 3973
2046 1623
2047 1451
2048 7253
2049 5946
2050 3683
2051 7322
2052 5109
2053 5587
2054 6813
2055 4183
2056 7626
2057 5271
2058 7950
2059 830
2060 1835
2061 3558
2062 3796
2063 386
2064 3358
2065 4359
2066 4948
2067 5042
2068 6901
2069 7825
2070 3438
2071 1352
2072 7743
2073 5421
2074 8128
2075 7417
2076 3071
2077 3154
2078 6481
2079 3241
2080 2689
2081 2272
2082 976
2083 1901
2084 2486
2085 27
2086 2775
2087 166
2088 4571
2089 4838
2090 6729
2091 6325
2092 7120
2093 2997
2094 4290
2095 4041
2096 1155
2097 6078
2098 6654
2099 3883
2100 507
2101 2623
2102 5758
2103 6994
2104 6172
2105 267
2106 2196
2107 2031
2108 4656
2109 698
2110 1090
2111 1511
2112 2404
2113 5494
2114 7205
2115 765
2116 1639
2117 609
2118 5172
2119 3701
2120 6815
2121 5833
2122 1258
2123 1769
2124 4769
2125 8018
2126 6009
2127 5623
2128 5940
2129 7627
2130 6399
2131 5309
2132 6879
2133 899
2134 5107
2135 7563
2136 415
2137 4420
2138 3472
2139 3399
2140 4959
2141 5030
2142 2920
2143 1325
2144 7703
2145 3237
2146 4112
2147 7399
2148 2271
2149 1418
2150 5423
2151 7301
2152 3580
2153 8105
2154 4574
2155 2851
2156 135
2157 3063
2158 3323
2159 6589
2160 1002
2161 7881
2162 1930
2163 6666
2164 7087
2165 2655
2166 2555
2167 4502
2168 3171
2169 280
2170 3810
2171 2986
2172 5723
2173 6148
2174 2096
2175 6986
2176 4345
2177 1164
2178 1540
2179 2200
2180 3939
2181 752
2182 641
2183 4034
2184 1099
2185 4891
2186 561
2187 4670
2188 6789
2189 1675
2190 5825
2191 3729
2192 5536
2193 1787
2194 8173
2195 5355
2196 7949
2197 2443
2198 6059
2199 6506
2200 6875
2201 5279
2202 387
2203 208
2204 2360
2205 4795
2206 6432
2207 4991
2208 5085
2209 7588
2210 2772
2211 9
2212 5960
2213 6242
2214 4250
2215 7407
2216 1432
2217 1344
2218 3585
2219 7340
2220 8024
2221 4414
2222 4170
2223 6586
2224 1269
2225 7512
2226 1941
2227 3254
2228 5166
2229 2869
2230 4594
2231 7074
2232 7256
2233 7689
2234 3166
2235 3519
2236 2545
2237 3449
2238 3336
2239 6129
2240 7832
2241 1192
2242 4511
2243 933
2244 1515
2245 6957
2246 5450
2247 4106
2248 3907
2249 2033
2250 717
2251 2647
2252 2216
2253 94
2254 5878
2255 838
2256 2963
2257 487
2258 4332
2259 6725
2260 4042
2261 7191
2262 3749
2263 3061
2264 7923
2265 5573
2266 2432
2267 371
2268 1775
2269 1085
2270 2306
2271 5762
2272 304
2273 1701
2274 2765
2275 3679
2276 7615
2277 4841
2278 4263
2279 5992
2280 6868
2281 3821
2282 4939
2283 1408
2284 625
2285 1013
2286 5029
2287 5240
2288 4666
2289 6553
2290 4747
2291 6424
2292 7420
2293 4434
2294 2839
2295 8029
2296 8134
2297 230
2298 4199
2299 7072
2300 1636
2301 1291
2302 5160
2303 7505
2304 2141
2305 7757
2306 553
2307 3304
2308 911
2309 3436
2310 6996
2311 5639
2312 7313
2313 4517
2314 5440
2315 2662
2316 3596
2317 3522
2318 768
2319 1500
2320 5923
2321 1873
2322 3229
2323 3906
2324 6764
2325 6329
2326 148
2327 2010
2328 436
2329 4078
2330 3119
2331 2595
2332 2458
2333 1225
2334 5848
2335 2525
2336 349
2337 6169
2338 7859
2339 2748
2340 5756
2341 7662
2342 4830
2343 2268
2344 5556
2345 6062
2346 7178
2347 6682
2348 3000
2349 1024
2350 4335
2351 1406
2352 6843
2353 1731
2354 5028
2355 6559
2356 6917
2357 841
2358 5371
2359 7945
2360 1107
2361 5236
2362 4710
2363 3720
2364 2936
2365 7077
2366 1655
2367 3984
2368 2374
2369 7535
2370 45
2371 1809
2372 3346
2373 4210
2374 6405
2375 8055
2376 670
2377 4568
2378 1298
2379 4922
2380 7351
2381 7269
2382 2084
2383 3835
2384 1531
2385 4445
2386 6474
2387 2850
2388 1897
2389 3224
2390 7729
2391 5931
2392 163
2393 2170
2394 5656
2395 3486
2396 2642
2397 437
2398 577
2399 8153
2400 253
2401 7470
2402 5117
2403 2761
2404 2456
2405 6134
2406 3614
2407 6235
2408 4054
2409 4835
2410 1183
2411 907
2412 1961
2413 2577
2414 3916
2415 5818
2416 6650
2417 7201
2418 6825
2419 7839
2420 1435
2421 7649
2422 4375
2423 7984
2424 2297
2425 6551
2426 5457
2427 4282
2428 3046
2429 734
2430 1696
2431 6910
2432 5308
2433 3111
2434 99
2435 1040
2436 319
2437 6726
2438 2926
2439 5527
2440 7095
2441 7018
2442 3764
2443 3340
2444 7355
2445 4706
2446 1317
2447 4955
2448 5197
2449 4158
2450 1826
2451 5034
2452 2092
2453 1551
2454 6337
2455 3828
2456 5592
2457 5965
2458 5742
2459 3457
2460 6413
2461 7280
2462 5382
2463 4637
2464 832
2465 3259
2466 5098
2467 199
2468 4504
2469 456
2470 610
2471 7451
2472 6219
2473 2231
2474 6105
2475 4870
2476 4805
2477 1630
2478 1167
2479 3597
2480 2724
2481 3980
2482 389
2483 6036
2484 2591
2485 7672
2486 5893
2487 6652
2488 2461
2489 1927
2490 7567
2491 7809
2492 2162
2493 2854
2494 4255
2495 3905
2496 3005
2497 1747
2498 3072
2499 8155
2500 101
2501 7975
2502 6861
2503 2921
2504 6537
2505 1010
2506 3669
2507 3752
2508 2656
2509 5521
2510 8070
2511 1473
2512 2322
2513 4327
2514 6930
2515 5193
2516 7895
2517 4993
2518 1094
2519 7157
2520 4062
2521 3381
2522 2001
2523 4151
2524 293
2525 1307
2526 1823
2527 5813
2528 5298
2529 2097
2530 2389
2531 7282
2532 3281
2533 5453
2534 4510
2535 7038
2536 5661
2537 766
2538 6302
2539 7423
2540 4796
2541 855
2542 4632
2543 6770
2544 1553
2545 3175
2546 4701
2547 631
2548 563
2549 4423
2550 6114
2551 5970
2552 3450
2553 7721
2554 4861
2555 6437
2556 5104
2557 6703
2558 2825
2559 6225
2560 2528
2561 0
2562 3824
2563 1384
2564 91
2565 3601
2566 3099
2567 182
2568 7614
2569 7499
2570 5368
2571 7965
2572 4257
2573 975
2574 366
2575 6042
2576 3995
2577 2454
2578 8126
2579 1158
2580 496
2581 7885
2582 3677
2583 1620
2584 1482
2585 4950
2586 3373
2587 1068
2588 7811
2589 5553
2590 2759
2591 2298
2592 6635
2593 1256
2594 5036
2595 7215
2596 2169
2597 5270
2598 2082
2599 5891
2600 8041
2601 5819
2602 4329
2603 1957
2604 4788
2605 1792
2606 3528
2607 7284
2608 863
2609 3225
2610 4087
2611 4622
2612 7360
2613 566
2614 5722
2615 5966
2616 7143
2617 6115
2618 3019
2619 2934
2620 4475
2621 6802
2622 6870
2623 5126
2624 6731
2625 6493
2626 4165
2627 6970
2628 3893
2629 93
2630 5617
2631 6243
2632 3776
2633 7064
2634 2568
2635 5360
2636 4871
2637 3600
2638 5194
2639 5489
2640 7597
2641 6425
2642 232
2643 7730
2644 1382
2645 4258
2646 960
2647 3135
2648 2234
2649 645
2650 7936
2651 3315
2652 2391
2653 1666
2654 7430
2655 1860
2656 6313
2657 2634
2658 2860
2659 1118
2660 4409
2661 2467
2662 4953
2663 3979
2664 2705
2665 3668
2666 1206
2667 1505
2668 8097
2669 6044
2670 5051
2671 1593
2672 5863
2673 7661
2674 4690
2675 461
2676 3218
2677 7507
2678 3388
2679 869
2680 2321
2681 2076
2682 1770
2683 6159
2684 2773
2685 7193
2686 6846
2687 720
2688 6780
2689 2981
2690 6606
2691 3482
2692 560
2693 334
2694 3862
2695 4757
2696 6966
2697 4174
2698 7844
2699 8019
2700 3751
2701 5977
2702 5320
2703 137
2704 5798
2705 1304
2706 2004
2707 6381
2708 4599
2709 5517
2710 7596
2711 1390
2712 3087
2713 2208
2714 7769
2715 3550
2716 8162
2717 4884
2718 214
2719 5168
2720 6447
2721 5411
2722 5712
2723 4491
2724 1934
2725 3321
2726 2497
2727 7295
2728 1704
2729 4053
2730 1230
2731 2881
2732 64
2733 4275
2734 1151
2735 943
2736 7926
2737 4381
2738 3654
2739 1519
2740 6705
2741 7071
2742 651
2743 5630
2744 1020
2745 845
2746 2351
2747 6312
2748 6540
2749 3155
2750 6136
2751 2808
2752 417
2753 2660
2754 5906
2755 1813
2756 5037
2757 7148
2758 3234
2759 2089
2760 6628
2761 7461
2762 4664
2763 7858
2764 7390
2765 331
2766 6794
2767 3874
2768 7007
2769 6208
2770 4812
2771 545
2772 8076
2773 3974
2774 4560
2775 5493
2776 5814
2777 6881
2778 3808
2779 7736
2780 5294
2781 4130
2782 1087
2783 2244
2784 3590
2785 1583
2786 6403
2787 242
2788 7592
2789 1950
2790 3086
2791 2437
2792 1355
2793 3502
2794 2532
2795 4877
2796 5413
2797 8158
2798 5115
2799 121
2800 7230
2801 1249
2802 916
2803 6021
2804 4432
2805 3387
2806 1494
2807 7310
2808 1687
2809 3731
2810 2939
2811 4063
2812 2352
2813 782
2814 7930
2815 6518
2816 2819
2817 4249
2818 396
2819 5886
2820 2019
2821 5749
2822 2680
2823 1841
2824 7658
2825 3172
2826 3295
2827 2154
2828 7443
2829 5182
2830 5673
2831 1014
2832 5563
2833 6646
2834 6128
2835 6306
2836 6768
2837 7526
2838 4740
2839 4646
2840 4520
2841 588
2842 8036
2843 3798
2844 7051
2845 6842
2846 52
2847 5006
2848 6984
2849 2087
2850 5325
2851 3999
2852 3652
2853 1124
2854 6234
2855 206
2856 3108
2857 1329
2858 3023
2859 4358
2860 1949
2861 665
2862 7754
2863 503
2864 8184
2865 2540
2866 3551
2867 2224
2868 8106
2869 906
2870 6051
2871 4857
2872 291
2873 5403
2874 7127
2875 2910
2876 3414
2877 3902
2878 1460
2879 6416
2880 1215
2881 1718
2882 130
2883 4136
2884 7873
2885 6564
2886 3728
2887 7231
2888 2722
2889 2366
2890 787
2891 3242
2892 5253
2893 5100
2894 2833
2895 5963
2896 1038
2897 1786
2898 1569
2899 5657
2900 4209
2901 6752
2902 5851
2903 6170
2904 2611
2905 5772
2906 7411
2907 7955
2908 3307
2909 4727
2910 7337
2911 7482
2912 7606
2913 6886
2914 6638
2915 394
2916 4448
2917 6962
2918 2025
2919 4598
2920 1856
2921 29
2922 2133
2923 3792
2924 5531
2925 4351
2926 1633
2927 4996
2928 6821
2929 3627
2930 3484
2931 3029
2932 469
2933 2210
2934 607
2935 852
2936 266
2937 940
2938 3147
2939 680
2940 3394
2941 8092
2942 6280
2943 3890
2944 4067
2945 7111
2946 1386
2947 2462
2948 7742
2949 1176
2950 7806
2951 5443
2952 2526
2953 7187
2954 1714
2955 781
2956 2698
2957 1951
2958 7044
2959 6345
2960 2394
2961 173
2962 2805
2963 5244
2964 6443
2965 5366
2966 6748
2967 7254
2968 5953
2969 2287
2970 1044
2971 4873
2972 4515
2973 7937
2974 5653
2975 2924
2976 1278
2977 4167
2978 2629
2979 3723
2980 5877
2981 4236
2982 6542
2983 7518
2984 7583
2985 1840
2986 6188
2987 2099
2988 384
2989 7453
2990 5151
2991 6619
2992 4349
2993 3306
2994 4616
2995 4703
2996 5797
2997 5543
2998 1581
2999 6082
3000 7321
3001 612
3002 3506
3003 3996
3004 3811
3005 971
3006 3391
3007 3112
3008 310
3009 6949
3010 3624
3011 4995
3012 3904
3013 522
3014 868
3015 7692
3016 1458
3017 695
3018 17
3019 2222
3020 1389
3021 3189
3022 2012
3023 1705
3024 2720
3025 2503
3026 7838
3027 6307
3028 5087
3029 5408
3030 1944
3031 5268
3032 8117
3033 4095
3034 6723
3035 7249
3036 1178
3037 6883
3038 1103
3039 4822
3040 4538
3041 2409
3042 767
3043 7058
3044 5477
3045 6406
3046 4188
3047 2332
3048 6522
3049 7560
3050 132
3051 1839
3052 5967
3053 7435
3054 4456
3055 1322
3056 7919
3057 2989
3058 4307
3059 4626
3060 2614
3061 2085
3062 4708
3063 397
3064 5180
3065 4916
3066 5728
3067 1637
3068 6233
3069 6807
3070 3422
3071 6057
3072 7347
3073 2815
3074 5634
3075 5826
3076 3605
3077 8021
3078 7771
3079 1036
3080 3345
3081 513
3082 1573
3083 325
3084 858
3085 1431
3086 5339
3087 6593
3088 703
3089 3985
3090 2499
3091 972
3092 6978
3093 7175
3094 1499
3095 7695
3096 8152
3097 603
3098 6335
3099 5019
3100 3137
3101 2918
3102 7850
3103 5547
3104 3826
3105 2699
3106 3524
3107 7261
3108 6153
3109 3753
3110 1173
3111 7066
3112 2396
3113 1761
3114 2205
3115 4844
3116 7537
3117 4194
3118 6435
3119 7471
3120 777
3121 5449
3122 6728
3123 75
3124 4546
3125 5267
3126 1849
3127 404
3128 6505
3129 6890
3130 5110
3131 4424
3132 3263
3133 5902
3134 1246
3135 6259
3136 2330
3137 3038
3138 5745
3139 4692
3140 5836
3141 1364
3142 2770
3143 6065
3144 1694
3145 4122
3146 1619
3147 5184
3148 500
3149 1093
3150 2571
3151 8048
3152 3676
3153 6577
3154 3948
3155 181
3156 4280
3157 7619
3158 2074
3159 2837
3160 1007
3161 1523
3162 7135
3163 6353
3164 8147
3165 6823
3166 3424
3167 3177
3168 7932
3169 6988
3170 1987
3171 2697
3172 601
3173 3813
3174 4932
3175 7717
3176 6133
3177 250
3178 677
3179 4051
3180 2487
3181 7387
3182 2248
3183 2410
3184 4771
3185 3508
3186 815
3187 7817
3188 5618
3189 5319
3190 4490
3191 6712
3192 7281
3193 918
3194 6460
3195 380
3196 4353
3197 7
3198 5458
3199 7472
3200 4590
3201 2928
3202 2324
3203 4419
3204 3743
3205 3578
3206 3079
3207 5741
3208 1459
3209 6238
3210 5002
3211 5865
3212 83
3213 5178
3214 3003
3215 5951
3216 4675
3217 7200
3218 4848
3219 5387
3220 6539
3221 3348
3222 4169
3223 2788
3224 2618
3225 524
3226 1861
3227 1567
3228 1196
3229 4288
3230 6045
3231 1758
3232 1357
3233 8103
3234 2178
3235 1098
3236 7941
3237 3869
3238 4937
3239 7570
3240 6820
3241 192
3242 6144
3243 3186
3244 658
3245 4074
3246 270
3247 3670
3248 1956
3249 6920
3250 7678
3251 7073
3252 5093
3253 843
3254 7368
3255 8028
3256 7801
3257 4525
3258 2713
3259 3460
3260 2480
3261 6358
3262 1685
3263 5564
3264 2044
3265 7493
3266 2856
3267 5269
3268 5469
3269 3556
3270 3994
3271 6657
3272 3113
3273 2307
3274 957
3275 8169
3276 7276
3277 5725
3278 5817
3279 6751
3280 4658
3281 5161
3282 4405
3283 1270
3284 47
3285 6283
3286 761
3287 6496
3288 4176
3289 3289
3290 5008
3291 4869
3292 125
3293 1455
3294 5334
3295 405
3296 3754
3297 2596
3298 1349
3299 498
3300 7927
3301 2153
3302 1032
3303 2415
3304 6562
3305 1845
3306 5957
3307 4766
3308 6166
3309 1160
3310 3863
3311 1766
3312 2218
3313 1603
3314 4324
3315 238
3316 1932
3317 7640
3318 6897
3319 4086
3320 7023
3321 7725
3322 2750
3323 7384
3324 5881
3325 1096
3326 6349
3327 5081
3328 7837
3329 6030
3330 8032
3331 4576
3332 562
3333 636
3334 3451
3335 5637
3336 4484
3337 6415
3338 2835
3339 7100
3340 8112
3341 5442
3342 3130
3343 2953
3344 2021
3345 4013
3346 7542
3347 5769
3348 1695
3349 7266
3350 5169
3351 6707
3352 936
3353 8176
3354 3205
3355 7179
3356 3649
3357 3059
3358 4197
3359 4851
3360 3943
3361 750
3362 2625
3363 5332
3364 3572
3365 3762
3366 6284
3367 2349
3368 3300
3369 479
3370 4917
3371 5248
3372 4649
3373 119
3374 5007
3375 3836
3376 6534
3377 4410
3378 5569
3379 346
3380 1562
3381 6218
3382 7466
3383 5705
3384 6811
3385 1926
3386 7959
3387 2284
3388 2726
3389 7761
3390 6969
3391 2217
3392 4333
3393 6094
3394 186
3395 2457
3396 1310
3397 666
3398 1381
3399 1811
3400 4261
3401 4548
3402 44
3403 1092
3404 6439
3405 7084
3406 6352
3407 2551
3408 5838
3409 2836
3410 1216
3411 4781
3412 2018
3413 5479
3414 1688
3415 3425
3416 5144
3417 1026
3418 2149
3419 7573
3420 6642
3421 898
3422 262
3423 587
3424 7326
3425 5401
3426 7828
3427 410
3428 5321
3429 4100
3430 2659
3431 3661
3432 8085
3433 3587
3434 5922
3435 3057
3436 6005
3437 3755
3438 3292
3439 7652
3440 3908
3441 7196
3442 4189
3443 5242
3444 2964
3445 4482
3446 4630
3447 7422
3448 4412
3449 5658
3450 6892
3451 2375
3452 4936
3453 3977
3454 6554
3455 814
3456 2771
3457 8182
3458 3199
3459 481
3460 7967
3461 165
3462 726
3463 330
3464 5059
3465 7734
3466 6773
3467 1516
3468 2275
3469 3501
3470 7042
3471 1327
3472 1842
3473 5847
3474 1217
3475 6254
3476 6963
3477 6162
3478 1681
3479 4762
3480 2885
3481 1104
3482 2534
3483 6081
3484 4859
3485 988
3486 1777
3487 599
3488 6708
3489 2115
3490 7808
3491 4298
3492 263
3493 5372
3494 1428
3495 2191
3496 5466
3497 3634
3498 6326
3499 6393
3500 1993
3501 3814
3502 5131
3503 6627
3504 5933
3505 6482
3506 3101
3507 3282
3508 7167
3509 56
3510 4488
3511 4226
3512 4580
3513 5642
3514 5200
3515 4663
3516 1602
3517 2425
3518 8093
3519 915
3520 792
3521 2643
3522 7465
3523 7599
3524 3738
3525 7665
3526 5290
3527 4418
3528 4148
3529 5016
3530 170
3531 2736
3532 373
3533 3367
3534 7375
3535 2283
3536 3964
3537 2975
3538 1507
3539 1174
3540 4035
3541 3547
3542 3463
3543 2810
3544 483
3545 1910
3546 1279
3547 2542
3548 6884
3549 1079
3550 702
3551 6222
3552 1799
3553 2060
3554 7101
3555 6960
3556 5717
3557 4784
3558 3207
3559 4920
3560 1722
3561 5415
3562 4354
3563 3879
3564 7863
3565 8012
3566 8159
3567 6409
3568 6003
3569 5852
3570 3118
3571 6520
3572 1975
3573 6689
3574 4492
3575 6803
3576 7170
3577 2160
3578 5557
3579 4278
3580 4856
3581 2401
3582 6610
3583 913
3584 5129
3585 4582
3586 1368
3587 2622
3588 268
3589 3647
3590 6149
3591 60
3592 7549
3593 7750
3594 4647
3595 3275
3596 5023
3597 5483
3598 6298
3599 3725
3600 2302
3601 7377
3602 1658
3603 5245
3604 4040
3605 179
3606 1491
3607 2818
3608 356
3609 4127
3610 3462
3611 5927
3612 7262
3613 475
3614 1015
3615 1114
3616 5627
3617 584
3618 7102
3619 3364
3620 2905
3621 1198
3622 2067
3623 7942
3624 3557
3625 5379
3626 7456
3627 2751
3628 4347
3629 1815
3630 4750
3631 5788
3632 5315
3633 6976
3634 8054
3635 705
3636 6080
3637 5710
3638 7686
3639 6876
3640 3143
3641 1985
3642 4411
3643 5853
3644 4911
3645 6801
3646 803
3647 3952
3648 3008
3649 2508
3650 6548
3651 6658
3652 2606
3653 3643
3654 6202
3655 8135
3656 7522
3657 5158
3658 1736
3659 902
3660 5057
3661 2221
3662 1589
3663 4497
3664 2434
3665 6356
3666 34
3667 5548
3668 1361
3669 223
3670 4260
3671 7760
3672 1917
3673 3269
3674 4059
3675 7826
3676 7176
3677 5471
3678 4157
3679 4665
3680 425
3681 1441
3682 1049
3683 302
3684 2886
3685 6445
3686 5985
3687 7097
3688 3073
3689 3867
3690 103
3691 3538
3692 3766
3693 7298
3694 1121
3695 7929
3696 2317
3697 582
3698 4978
3699 505
3700 2821
3701 6109
3702 7028
3703 2131
3704 6734
3705 5238
3706 1853
3707 3173
3708 6935
3709 4430
3710 4772
3711 1654
3712 3433
3713 4868
3714 5386
3715 8067
3716 7441
3717 719
3718 5785
3719 6513
3720 1210
3721 6228
3722 8150
3723 5628
3724 5096
3725 900
3726 3606
3727 3697
3728 2628
3729 4530
3730 1984
3731 652
3732 6378
3733 1776
3734 3963
3735 5304
3736 2739
3737 1326
3738 6856
3739 4364
3740 7680
3741 4256
3742 6645
3743 7579
3744 7186
3745 191
3746 7793
3747 3368
3748 2475
3749 4694
3750 5558
3751 2951
3752 322
3753 2053
3754 388
3755 1570
3756 3253
3757 6012
3758 3513
3759 106
3760 1456
3761 5490
3762 2381
3763 1057
3764 835
3765 2828
3766 3839
3767 4605
3768 2557
3769 3062
3770 7352
3771 6090
3772 4089
3773 6442
3774 7935
3775 492
3776 6311
3777 6772
3778 5398
3779 8031
3780 4854
3781 5013
3782 4455
3783 6985
3784 2145
3785 6516
3786 5789
3787 7473
3788 7092
3789 6241
3790 3167
3791 2237
3792 1189
3793 5897
3794 4171
3795 1973
3796 4524
3797 3613
3798 8183
3799 633
3800 1750
3801 7265
3802 3775
3803 4767
3804 4020
3805 1267
3806 5188
3807 6885
3808 955
3809 7707
3810 1649
3811 6640
3812 1331
3813 5700
3814 4294
3815 1909
3816 762
3817 7539
3818 2065
3819 3395
3820 3249
3821 2944
3822 324
3823 5292
3824 1485
3825 3526
3826 158
3827 5498
3828 392
3829 3695
3830 2380
3831 4382
3832 6164
3833 3319
3834 3018
3835 2546
3836 3459
3837 32
3838 5583
3839 2463
3840 1582
3841 7409
3842 6314
3843 7184
3844 531
3845 4655
3846 1064
3847 8002
3848 2688
3849 5088
3850 4909
3851 4446
3852 4104
3853 7938
3854 7773
3855 8098
3856 6400
3857 3909
3858 5359
3859 5870
3860 6761
3861 5945
3862 6972
3863 4229
3864 5022
3865 2832
3866 1829
3867 3162
3868 635
3869 3615
3870 7604
3871 2193
3872 7342
3873 237
3874 1413
3875 4807
3876 1166
3877 7096
3878 2311
3879 5777
3880 995
3881 3084
3882 6829
3883 2016
3884 2109
3885 4572
3886 2933
3887 7704
3888 6489
3889 315
3890 6680
3891 7523
3892 444
3893 1335
3894 1913
3895 5289
3896 4379
3897 6899
3898 872
3899 6161
3900 5159
3901 25
3902 5535
3903 1261
3904 8170
3905 1646
3906 3481
3907 1544
3908 789
3909 6024
3910 2491
3911 567
3912 7459
3913 3313
3914 3548
3915 1084
3916 4672
3917 2700
3918 7892
3919 5676
3920 4109
3921 4443
3922 3803
3923 4008
3924 1759
3925 6390
3926 7989
3927 8094
3928 4243
3929 7210
3930 2768
3931 3416
3932 3691
3933 6975
3934 5942
3935 1847
3936 4905
3937 3920
3938 6272
3939 3149
3940 5430
3941 5092
3942 673
3943 1444
3944 5856
3945 5356
3946 3074
3947 241
3948 2318
3949 2843
3950 7094
3951 157
3952 3228
3953 965
3954 2971
3955 5609
3956 6762
3957 2559
3958 1169
3959 6457
3960 2100
3961 2631
3962 1958
3963 7383
3964 7289
3965 62
3966 6197
3967 4584
3968 4751
3969 4975
3970 5223
3971 1676
3972 7585
3973 6893
3974 7653
3975 7779
3976 5751
3977 6617
3978 753
3979 1272
3980 6533
3981 5526
3982 3537
3983 6068
3984 537
3985 1053
3986 1532
3987 3822
3988 7860
3989 3337
3990 4508
3991 8046
3992 2446
3993 2164
3994 4305
3995 7501
3996 421
3997 6132
3998 5943
3999 4196
4000 7925
4001 4907
4002 6324
4003 8154
4004 316
4005 3706
4006 1751
4007 7217
4008 2032
4009 5137
4010 4123
4011 3413
4012 4825
4013 2844
4014 3060
4015 5070
4016 7019
4017 2228
4018 1468
4019 655
4020 2912
4021 3992
4022 169
4023 7116
4024 842
4025 2305
4026 5615
4027 3272
4028 6688
4029 5831
4030 1830
4031 4607
4032 2593
4033 7402
4034 4373
4035 924
4036 3163
4037 246
4038 1341
4039 3610
4040 5299
4041 5437
4042 7738
4043 2709
4044 1955
4045 4689
4046 5222
4047 5534
4048 3534
4049 1227
4050 1561
4051 3871
4052 19
4053 7565
4054 6785
4055 8089
4056 6429
4057 2500
4058 6034
4059 7641
4060 8010
4061 721
4062 1001
4063 1127
4064 6206
4065 4471
4066 4266
4067 5898
4068 98
4069 1643
4070 360
4071 7851
4072 435
4073 6620
4074 6124
4075 7305
4076 4984
4077 5363
4078 3068
4079 4144
4080 3339
4081 6863
4082 2399
4083 2023
4084 1715
4085 6552
4086 595
4087 6936
4088 7133
4089 2941
4090 4003
4091 7490
4092 3240
4093 4075
4094 1879
4095 5714
4096 2189
4097 5644
4098 824
4099 4763
4100 7032
4101 3170
4102 5128
4103 1398
4104 5783
4105 233
4106 3618
4107 930
4108 3415
4109 2640
4110 4906
4111 7783
4112 6685
4113 2566
4114 6299
4115 3812
4116 1237
4117 5555
4118 1467
4119 3721
4120 6370
4121 3922
4122 4831
4123 2848
4124 24
4125 7393
4126 5251
4127 5451
4128 7962
4129 3498
4130 2731
4131 4573
4132 4416
4133 7631
4134 4274
4135 2290
4136 5880
4137 6227
4138 4644
4139 6125
4140 104
4141 1031
4142 7875
4143 3100
4144 399
4145 2495
4146 7323
4147 2402
4148 5950
4149 323
4150 1618
4151 3025
4152 621
4153 1535
4154 6529
4155 2104
4156 5064
4157 1116
4158 7155
4159 1686
4160 6023
4161 7252
4162 746
4163 6916
4164 8107
4165 6790
4166 2219
4167 1378
4168 6603
4169 4341
4170 4055
4171 3567
4172 5763
4173 7016
4174 1992
4175 4717
4176 7698
4177 7784
4178 1807
4179 3291
4180 879
4181 1293
4182 7528
4183 3191
4184 1454
4185 6304
4186 6696
4187 6395
4188 4186
4189 243
4190 7437
4191 3940
4192 7971
4193 5255
4194 5406
4195 4976
4196 2721
4197 8039
4198 3819
4199 2594
4200 4503
4201 1903
4202 7086
4203 4815
4204 964
4205 46
4206 5487
4207 2842
4208 140
4209 6156
4210 2478
4211 3435
4212 4121
4213 4648
4214 6464
4215 7341
4216 4902
4217 3056
4218 338
4219 5944
4220 3660
4221 6239
4222 5606
4223 5187
4224 598
4225 2072
4226 465
4227 749
4228 1208
4229 2403
4230 7208
4231 2250
4232 2972
4233 2325
4234 5058
4235 1106
4236 6900
4237 6558
4238 4397
4239 6776
4240 1609
4241 4265
4242 7737
4243 4724
4244 7894
4245 8136
4246 3124
4247 3500
4248 1276
4249 4037
4250 6686
4251 3316
4252 2147
4253 871
4254 5827
4255 1822
4256 205
4257 6368
4258 3966
4259 6091
4260 5263
4261 1723
4262 7558
4263 3833
4264 2747
4265 2599
4266 7035
4267 7663
4268 4789
4269 3583
4270 1427
4271 4193
4272 5514
4273 123
4274 1527
4275 6160
4276 5367
4277 5689
4278 2876
4279 7107
4280 4529
4281 7827
4282 1012
4283 1943
4284 937
4285 3900
4286 7397
4287 7958
4288 7467
4289 649
4290 2488
4291 4964
4292 6288
4293 1204
4294 4465
4295 4
4296 412
4297 2406
4298 7216
4299 5179
4300 5998
4301 3694
4302 8069
4303 5917
4304 541
4305 6921
4306 5600
4307 4887
4308 4392
4309 272
4310 6538
4311 3211
4312 2316
4313 3076
4314 1330
4315 759
4316 4628
4317 6448
4318 2020
4319 5812
4320 6783
4321 6673
4322 1111
4323 6083
4324 2202
4325 5441
4326 4006
4327 4259
4328 2123
4329 8141
4330 3009
4331 7674
4332 7748
4333 336
4334 7543
4335 1434
4336 839
4337 5043
4338 5522
4339 3427
4340 6987
4341 5724
4342 178
4343 2796
4344 7324
4345 1743
4346 1045
4347 4146
4348 6163
4349 2676
4350 3805
4351 2587
4352 7829
4353 3529
4354 1857
4355 7395
4356 112
4357 8001
4358 7898
4359 1538
4360 6327
4361 2422
4362 5280
4363 4956
4364 6019
4365 5123
4366 6229
4367 3341
4368 2498
4369 4768
4370 7159
4371 694
4372 1670
4373 920
4374 3917
4375 7059
4376 2293
4377 6512
4378 5638
4379 6592
4380 581
4381 478
4382 1248
4383 4437
4384 7475
4385 2051
4386 769
4387 6835
4388 3238
4389 6092
4390 6681
4391 5198
4392 1971
4393 1132
4394 1343
4395 5358
4396 7660
4397 4215
4398 2990
4399 4501
4400 4858
4401 6418
4402 276
4403 5921
4404 8072
4405 5539
4406 4082
4407 3736
4408 2812
4409 37
4410 4595
4411 1419
4412 4344
4413 2702
4414 398
4415 3981
4416 6918
4417 7776
4418 2610
4419 8166
4420 3622
4421 1768
4422 7353
4423 1552
4424 6757
4425 150
4426 1899
4427 5464
4428 3116
4429 3800
4430 7271
4431 5004
4432 3351
4433 6237
4434 2395
4435 7174
4436 5752
4437 7943
4438 2536
4439 1678
4440 2246
4441 853
4442 954
4443 5068
4444 7021
4445 6550
4446 2161
4447 580
4448 4736
4449 1018
4450 3886
4451 3499
4452 4426
4453 775
4454 7574
4455 4669
4456 6013
4457 1966
4458 6084
4459 7429
4460 1353
4461 1266
4462 2047
4463 3030
4464 5297
4465 6379
4466 707
4467 4853
4468 7688
4469 1182
4470 3277
4471 6651
4472 4081
4473 467
4474 2907
4475 5210
4476 4231
4477 8073
4478 6446
4479 5858
4480 288
4481 6155
4482 2729
4483 3206
4484 5560
4485 1821
4486 6909
4487 5686
4488 3667
4489 164
4490 3972
4491 7865
4492 2803
4493 1575
4494 7291
4495 7765
4496 54
4497 3423
4498 6804
4499 6740
4500 3740
4501 5492
4502 4326
4503 7134
4504 2408
4505 874
4506 2251
4507 2550
4508 3121
4509 5948
4510 4544
4511 6303
4512 6236
4513 4735
4514 4941
4515 5750
4516 1501
4517 5082
4518 788
4519 6979
4520 3564
4521 3831
4522 630
4523 7985
4524 5394
4525 3343
4526 2055
4527 6521
4528 559
4529 6376
4530 7553
4531 4863
4532 2129
4533 1316
4534 4464
4535 5017
4536 2644
4537 1656
4538 6622
4539 3051
4540 4224
4541 4105
4542 994
4543 452
4544 5301
4545 3493
4546 7659
4547 6139
4548 8051
4549 2871
4550 369
4551 1762
4552 1896
4553 5225
4554 5636
4555 6903
4556 8186
4557 133
4558 7468
4559 3185
4560 3957
4561 7915
4562 7338
4563 7753
4564 5850
4565 4610
4566 1380
4567 3279
4568 6836
4569 1989
4570 2255
4571 1193
4572 7842
4573 709
4574 5481
4575 4039
4576 2749
4577 7183
4578 3759
4579 2476
4580 4774
4581 7267
4582 4691
4583 1574
4584 4299
4585 1080
4586 5740
4587 928
4588 6732
4589 6027
4590 3825
4591 211
4592 533
4593 3889
4594 5091
4595 828
4596 2572
4597 7110
4598 2071
4599 6258
4600 4401
4601 2168
4602 4467
4603 5365
4604 1295
4605 1689
4606 3608
4607 3380
4608 4962
4609 4159
4610 6626
4611 2678
4612 626
4613 6456
4614 2338
4615 7986
4616 3034
4617 1846
4618 55
4619 5206
4620 1452
4621 2830
4622 6167
4623 468
4624 3975
4625 7525
4626 7621
4627 1009
4628 6967
4629 4879
4630 3210
4631 5593
4632 8062
4633 5674
4634 2915
4635 7696
4636 6848
4637 718
4638 5434
4639 5832
4640 7786
4641 5508
4642 7447
4643 3274
4644 2242
4645 2412
4646 4050
4647 3495
4648 4618
4649 3698
4650 1967
4651 1546
4652 7853
4653 4267
4654 4770
4655 7349
4656 6048
4657 204
4658 312
4659 4696
4660 1622
4661 5135
4662 5937
4663 544
4664 935
4665 3138
4666 7237
4667 6247
4668 6543
4669 2597
4670 4398
4671 5054
4672 4477
4673 2489
4674 3398
4675 6742
4676 7069
4677 4180
4678 4990
4679 627
4680 1199
4681 2138
4682 1356
4683 6633
4684 31
4685 3838
4686 844
4687 1891
4688 2309
4689 1097
4690 110
4691 7550
4692 2774
4693 2670
4694 5204
4695 414
4696 6411
4697 1457
4698 5578
4699 3927
4700 5645
4701 2896
4702 6946
4703 3013
4704 3570
4705 8059
4706 1700
4707 738
4708 7735
4709 2073
4710 2382
4711 7433
4712 3465
4713 3332
4714 3203
4715 5776
4716 5384
4717 8125
4718 4022
4719 7141
4720 5512
4721 247
4722 6839
4723 4592
4724 7336
4725 6121
4726 1797
4727 5278
4728 5958
4729 6342
4730 4829
4731 1011
4732 2227
4733 1606
4734 934
4735 3662
4736 1289
4737 7629
4738 2483
4739 521
4740 7075
4741 3104
4742 7963
4743 7879
4744 4756
4745 4150
4746 1997
4747 5076
4748 6613
4749 6484
4750 5874
4751 1533
4752 337
4753 4352
4754 4433
4755 7804
4756 7524
4757 7212
4758 6226
4759 628
4760 1201
4761 862
4762 1369
4763 2735
4764 3267
4765 3950
4766 4659
4767 6702
4768 2291
4769 2829
4770 6992
4771 441
4772 3559
4773 3878
4774 65
4775 1923
4776 1081
4777 5694
4778 6412
4779 7455
4780 2917
4781 4526
4782 5590
4783 1730
4784 3344
4785 729
4786 3756
4787 4270
4788 149
4789 2388
4790 7346
4791 2144
4792 795
4793 4893
4794 6838
4795 2553
4796 5009
4797 5433
4798 8034
4799 6317
4800 5331
4801 6086
4802 5174
4803 5787
4804 7691
4805 3642
4806 1003
4807 4084
4808 8138
4809 3197
4810 519
4811 2077
4812 1463
4813 3445
4814 6560
4815 6629
4816 5086
4817 218
4818 1558
4819 7759
4820 3094
4821 6924
4822 4408
4823 597
4824 2996
4825 7138
4826 5925
4827 2452
4828 7969
4829 3978
4830 5991
4831 4695
4832 363
4833 5519
4834 1159
4835 2621
4836 6741
4837 3574
4838 925
4839 7612
4840 2809
4841 2716
4842 6452
4843 1852
4844 5706
4845 6245
4846 5247
4847 4606
4848 2295
4849 4486
4850 3732
4851 1234
4852 4304
4853 68
4854 5597
4855 2197
4856 4179
4857 1745
4858 4862
4859 791
4860 2888
4861 287
4862 6814
4863 1625
4864 6385
4865 6177
4866 1306
4867 4798
4868 5821
4869 7428
4870 7502
4871 3882
4872 1399
4873 7887
4874 438
4875 7317
4876 3268
4877 2548
4878 5377
4879 689
4880 3353
4881 6637
4882 527
4883 1480
4884 8053
4885 5014
4886 6547
4887 6085
4888 7060
4889 203
4890 2952
4891 7128
4892 6928
4893 2460
4894 5954
4895 1924
4896 4384
4897 7751
4898 3446
4899 4697
4900 600
4901 1110
4902 917
4903 7638
4904 3140
4905 3022
4906 5524
4907 2658
4908 5181
4909 5739
4910 4028
4911 8132
4912 2013
4913 983
4914 4096
4915 1226
4916 2086
4917 3733
4918 5672
4919 2367
4920 1559
4921 6730
4922 2767
4923 2257
4924 4889
4925 4556
4926 772
4927 3544
4928 6275
4929 6154
4930 6995
4931 1791
4932 294
4933 22
4934 6383
4935 7527
4936 5456
4937 2150
4938 7922
4939 3861
4940 1393
4941 7432
4942 1669
4943 7192
4944 5283
4945 5805
4946 3663
4947 423
4948 6656
4949 4313
4950 4974
4951 4238
4952 495
4953 202
4954 7287
4955 5890
4956 8042
4957 4624
4958 4809
4959 1885
4960 2490
4961 3356
4962 2567
4963 6931
4964 6822
4965 6088
4966 857
4967 4388
4968 3290
4969 7805
4970 4743
4971 3930
4972 7739
4973 1095
4974 1475
4975 4474
4976 6568
4977 3083
4978 7118
4979 1030
4980 4058
4981 2995
4982 2075
4983 4166
4984 5635
4985 1287
4986 2783
4987 671
4988 8168
4989 6475
4990 3226
4991 5353
4992 5218
4993 5544
4994 2931
4995 3487
4996 2390
4997 5046
4998 5979
4999 2718
5000 3575
5001 6745
5002 2301
5003 6248
5004 7538
5005 7924
5006 927
5007 3734
5008 6322
5009 1190
5010 4559
5011 407
5012 7388
5013 1756
5014 311
5015 793
5016 4310
5017 5701
5018 5804
5019 7311
5020 6677
5021 180
5022 5904
5023 3640
5024 5435
5025 8027
5026 7669
5027 4908
5028 2592
5029 2146
5030 1659
5031 564
5032 6912
5033 4816
5034 1870
5035 3960
5036 2518
5037 6116
5038 1493
5039 6837
5040 6584
5041 1947
5042 61
5043 4468
5044 7775
5045 1019
5046 4383
5047 8099
5048 4026
5049 3102
5050 7109
5051 1309
5052 3004
5053 1405
5054 632
5055 3212
5056 6465
5057 2036
5058 2225
5059 4097
5060 7241
5061 3405
5062 1563
5063 5231
5064 2800
5065 5146
5066 5559
5067 2372
5068 7476
5069 3877
5070 7913
5071 4629
5072 7177
5073 6200
5074 6766
5075 4542
5076 2450
5077 903
5078 7559
5079 2880
5080 2687
5081 3541
5082 7381
5083 5815
5084 5071
5085 1788
5086 422
5087 779
5088 6363
5089 5402
5090 4725
5091 3710
5092 3804
5093 710
5094 5003
5095 5983
5096 5632
5097 4237
5098 5472
5099 4827
5100 3287
5101 6973
5102 351
5103 1140
5104 6873
5105 6098
5106 488
5107 6623
5108 4316
5109 265
5110 1236
5111 1890
5112 7785
5113 3636
5114 986
5115 3962
5116 1709
5117 4390
5118 2547
5119 5702
5120 7308
5121 639
5122 6541
5123 7098
5124 7664
5125 4093
5126 1440
5127 3078
5128 2050
5129 2130
5130 6693
5131 3361
5132 2215
5133 2328
5134 4896
5135 3160
5136 1301
5137 7164
5138 5214
5139 5895
5140 3470
5141 2471
5142 160
5143 2817
5144 571
5145 8129
5146 5314
5147 893
5148 6462
5149 2967
5150 6295
5151 7916
5152 2708
5153 6779
5154 5803
5155 823
5156 7403
5157 4487
5158 6388
5159 3786
5160 1557
5161 7575
5162 4979
5163 2619
5164 8003
5165 67
5166 6954
5167 3280
5168 5407
5169 4583
5170 5585
5171 1979
5172 3860
5173 2398
5174 5056
5175 1779
5176 1631
5177 3612
5178 7031
5179 1205
5180 354
5181 7814
5182 289
5183 756
5184 4268
5185 5736
5186 1082
5187 7232
5188 7296
5189 7491
5190 6210
5191 6047
5192 4733
5193 6578
5194 5964
5195 471
5196 5480
5197 4024
5198 6674
5199 4393
5200 3926
5201 3355
5202 1299
5203 1915
5204 3188
5205 2083
5206 4195
5207 653
5208 3093
5209 2782
5210 8108
5211 546
5212 2473
5213 7152
5214 2249
5215 2866
5216 7657
5217 5328
5218 2970
5219 6508
5220 1464
5221 3479
5222 944
5223 5170
5224 5254
5225 6339
5226 2323
5227 6430
5228 7361
5229 3761
5230 875
5231 6914
5232 2615
5233 6850
5234 4528
5235 3685
5236 4602
5237 1848
5238 5576
5239 1773
5240 5000
5241 8037
5242 7572
5243 7727
5244 1387
5245 5900
5246 21
5247 5084
5248 7911
5249 217
5250 4828
5251 364
5252 2002
5253 1591
5254 725
5255 1146
5256 4088
5257 7439
5258 7248
5259 1218
5260 1070
5261 4683
5262 4300
5263 4371
5264 5711
5265 3846
5266 152
5267 2549
5268 1684
5269 3410
5270 5476
5271 7506
5272 2179
5273 6722
5274 1914
5275 4153
5276 445
5277 3928
5278 4234
5279 578
5280 3245
5281 2692
5282 7053
5283 2068
5284 1502
5285 300
5286 3096
5287 2906
5288 7158
5289 6221
5290 953
5291 4012
5292 2983
5293 2354
5294 5791
5295 6407
5296 7364
5297 6786
5298 5167
5299 6865
5300 3748
5301 6152
5302 3563
5303 2254
5304 3161
5305 4949
5306 3324
5307 5310
5308 8030
5309 7741
5310 5910
5311 510
5312 2838
5313 2465
5314 6332
5315 71
5316 6523
5317 8120
5318 1283
5319 7816
5320 4755
5321 6590
5322 367
5323 5996
5324 884
5325 1836
5326 700
5327 1421
5328 1181
5329 5677
5330 6958
5331 4589
5332 1580
5333 1652
5334 4832
5335 2590
5336 5513
5337 5235
5338 1925
5339 3644
5340 807
5341 1754
5342 4403
5343 5069
5344 3426
5345 1062
5346 4478
5347 147
5348 6683
5349 216
5350 7530
5351 7288
5352 4102
5353 7632
5354 2181
5355 7462
5356 7202
5357 2022
5358 7130
5359 4311
5360 3097
5361 5790
5362 7359
5363 2999
5364 6834
5365 3868
5366 6212
5367 434
5368 5418
5369 4998
5370 4241
5371 6453
5372 4921
5373 2288
5374 4029
5375 3778
5376 5142
5377 2506
5378 3271
5379 4671
5380 3938
5381 7062
5382 6759
5383 617
5384 5610
5385 7714
5386 8047
5387 2740
5388 3496
5389 7781
5390 7857
5391 70
5392 5947
5393 5866
5394 952
5395 739
5396 1484
5397 7978
5398 5326
5399 3198
5400 6074
5401 2439
5402 1837
5403 3569
5404 1938
5405 1556
5406 2911
5407 1142
5408 1665
5409 8123
5410 4536
5411 4469
5412 4742
5413 2573
5414 5485
5415 6625
5416 1254
5417 2665
5418 1060
5419 6373
5420 3369
5421 6526
5422 7503
5423 2212
5424 7274
5425 1320
5426 6277
5427 7412
5428 3133
5429 5771
5430 224
5431 511
5432 888
5433 4834
5434 3711
5435 7156
5436 3064
5437 6158
5438 4295
5439 6852
5440 3785
5441 6449
5442 4044
5443 5090
5444 2847
5445 6938
5446 2304
5447 7002
5448 6781
5449 2048
5450 2998
5451 613
5452 4642
5453 7768
5454 5199
5455 7834
5456 3880
5457 3301
5458 959
5459 785
5460 328
5461 108
5462 7593
5463 5405
5464 5318
5465 5862
5466 5687
5467 4138
5468 1933
5469 3961
5470 6001
5471 3469
5472 424
5473 7670
5474 1855
5475 2923
5476 1490
5477 8015
5478 4499
5479 1396
5480 1724
5481 3646
5482 2766
5483 5552
5484 2633
5485 5619
5486 8090
5487 7498
5488 1050
5489 5021
5490 1594
5491 6545
5492 2195
5493 3129
5494 3404
5495 5794
5496 6089
5497 6691
5498 1303
5499 6266
5500 1126
5501 3213
5502 209
5503 4406
5504 7165
5505 2524
5506 2371
5507 4031
5508 3772
5509 10
5510 4739
5511 4947
5512 7057
5513 7400
5514 7314
5515 554
5516 5133
5517 6862
5518 2030
5519 3024
5520 4269
5521 4608
5522 2273
5523 7907
5524 7792
5525 8172
5526 117
5527 878
5528 3314
5529 5212
5530 7580
5531 353
5532 6612
5533 3923
5534 5376
5535 623
5536 5934
5537 4875
5538 6185
5539 7656
5540 1220
5541 4184
5542 1964
5543 1812
5544 2889
5545 3507
5546 1430
5547 4537
5548 1662
5549 5647
5550 6774
5551 7235
5552 6968
5553 8044
5554 5719
5555 1726
5556 2738
5557 4336
5558 5537
5559 811
5560 6015
5561 6458
5562 2445
5563 2177
5564 1496
5565 449
5566 5312
5567 6289
5568 5792
5569 2960
5570 5066
5571 4428
5572 6709
5573 3745
5574 950
5575 7145
5576 7055
5577 3106
5578 4704
5579 3626
5580 7328
5581 7454
5582 252
5583 18
5584 2823
5585 3857
5586 5452
5587 2570
5588 2062
5589 2362
5590 7868
5591 7956
5592 4972
5593 3390
5594 4061
5595 4262
5596 8151
5597 526
5598 6389
5599 5209
5600 1597
5601 4820
5602 648
5603 1077
5604 5914
5605 350
5606 6585
5607 1332
5608 2654
5609 92
5610 4137
5611 3262
5612 2289
5613 3032
5614 1262
5615 7211
5616 3540
5617 7586
5618 5641
5619 4619
5620 1161
5621 6810
5622 5518
5623 2742
5624 7654
5625 6196
5626 1900
5627 3934
5628 2469
5629 1522
5630 7782
5631 8079
5632 822
5633 6507
5634 6120
5635 758
5636 5823
5637 6937
5638 1771
5639 5375
5640 6273
5641 3735
5642 5073
5643 7043
5644 2127
5645 6649
5646 7335
5647 970
5648 2929
5649 7418
5650 887
5651 226
5652 4396
5653 3829
5654 4728
5655 4462
5656 5444
5657 426
5658 4001
5659 3400
5660 7862
5661 3165
5662 2201
5663 2014
5664 5171
5665 159
5666 1409
5667 7496
5668 5264
5669 2589
5670 3471
5671 3633
5672 4971
5673 2368
5674 1337
5675 685
5676 38
5677 1074
5678 1232
5679 2822
5680 6719
5681 565
5682 5664
5683 7119
5684 7258
5685 6796
5686 6574
5687 6007
5688 1672
5689 4303
5690 3328
5691 7602
5692 2695
5693 1586
5694 6204
5695 7740
5696 4837
5697 3047
5698 7939
5699 6500
5700 4638
5701 5529
5702 4129
5703 6107
5704 5350
5705 6321
5706 8077
5707 4562
5708 301
5709 5101
5710 7020
5711 6655
5712 6394
5713 3912
5714 5775
5715 1508
5716 8188
5717 7386
5718 4387
5719 774
5720 2974
5721 891
5722 1869
5723 486
5724 400
5725 3718
5726 3997
5727 5422
5728 5183
5729 4459
5730 3817
5731 2183
5732 3181
5733 5924
5734 2043
5735 1739
5736 3441
5737 2107
5738 2482
5739 3258
5740 7457
5741 1339
5742 4981
5743 2329
5744 7852
5745 1259
5746 3539
5747 1147
5748 1962
5749 3607
5750 2417
5751 1034
5752 6923
5753 100
5754 3372
5755 7557
5756 7197
5757 4720
5758 2613
5759 638
5760 4888
5761 6832
5762 7675
5763 7315
5764 2259
5765 556
5766 2685
5767 5999
5768 966
5769 7980
5770 6499
5771 4272
5772 6251
5773 172
5774 6316
5775 7123
5776 6384
5777 5083
5778 8063
5779 6111
5780 5541
5781 2779
5782 7385
5783 6614
5784 3894
5785 2914
5786 744
5787 3090
5788 1884
5789 1638
5790 4191
5791 6714
5792 480
5793 33
5794 5445
5795 1429
5796 313
5797 8165
5798 5234
5799 1781
5800 5651
5801 5909
5802 2982
5803 4613
5804 5744
5805 3998
5806 5303
5807 3215
5808 4461
5809 7790
5810 854
5811 4094
5812 1105
5813 3620
5814 4372
5815 5152
5816 7486
5817 2527
5818 1530
5819 7880
5820 1710
5821 383
5822 1308
5823 2041
5824 1960
5825 7039
5826 4539
5827 2373
5828 6845
5829 3302
5830 7293
5831 3428
5832 3696
5833 4987
5834 2299
5835 1235
5836 6913
5837 126
5838 6274
5839 7578
5840 7694
5841 5381
5842 5074
5843 3807
5844 6118
5845 7227
5846 7406
5847 4761
5848 4855
5849 5515
5850 5993
5851 2174
5852 6205
5853 699
5854 7992
5855 6763
5856 7106
5857 2637
5858 1858
5859 6692
5860 42
5861 4292
5862 2852
5863 5828
5864 8074
5865 978
5866 5229
5867 5652
5868 6483
5869 3932
5870 4198
5871 307
5872 3120
5873 6417
5874 2961
5875 3230
5876 4004
5877 6346
5878 2704
5879 198
5880 8181
5881 5302
5882 1542
5883 4098
5884 6581
5885 1738
5886 778
5887 1100
5888 1168
5889 608
5890 427
5891 7912
5892 4636
5893 3595
5894 5732
5895 4400
5896 2416
5897 499
5898 1614
5899 1424
5900 2538
5901 3035
5902 4516
5903 3432
5904 5579
5905 7644
5906 6934
5907 7823
5908 3525
5909 5378
5910 7534
5911 3308
5912 4923
5913 5111
5914 3797
5915 5499
5916 4791
5917 690
5918 7392
5919 5908
5920 7045
5921 3684
5922 2233
5923 5980
5924 6230
5925 1988
5926 6797
5927 7463
5928 6653
5929 1862
5930 5191
5931 2134
5932 6510
5933 968
5934 3899
5935 4240
5936 6131
5937 7724
5938 4163
5939 7219
5940 3965
5941 3151
5942 2868
5943 5044
5944 1334
5945 184
5946 2327
5947 4321
5948 8146
5949 2703
5950 82
5951 6294
5952 6869
5953 2793
5954 1778
5955 413
5956 7126
5957 254
5958 3589
5959 8080
5960 1035
5961 798
5962 2447
5963 7994
5964 4596
5965 1113
5966 1433
5967 4498
5968 6369
5969 6727
5970 4036
5971 5633
5972 1660
5973 3488
5974 1219
5975 3222
5976 3039
5977 5317
5978 7555
5979 5720
5980 3298
5981 728
5982 5528
5983 2639
5984 2946
5985 7791
5986 4952
5987 616
5988 1578
5989 6224
5990 7630
5991 5855
5992 7431
5993 6591
5994 3730
5995 6052
5996 2052
5997 4422
5998 4792
5999 7348
6000 7906
6001 3384
6002 5962
6003 2535
6004 4712
6005 7275
6006 2143
6007 5446
6008 7005
6009 6939
6010 2879
6011 3945
6012 512
6013 2706
6014 116
6015 1509
6016 2207
6017 6119
6018 3853
6019 4201
6020 4881
6021 385
6022 6477
6023 5127
6024 281
6025 6816
6026 3594
6027 1882
6028 4635
6029 4113
6030 5055
6031 7997
6032 4545
6033 7088
6034 35
6035 1734
6036 8065
6037 1395
6038 6292
6039 799
6040 6743
6041 213
6042 6404
6043 3187
6044 3043
6045 5329
6046 1150
6047 929
6048 2801
6049 2296
6050 7747
6051 5550
6052 1626
6053 6194
6054 2429
6055 8157
6056 7413
6057 5707
6058 5226
6059 3485
6060 7576
6061 7169
6062 668
6063 864
6064 2600
6065 6588
6066 5811
6067 6014
6068 7849
6069 4726
6070 4413
6071 1970
6072 1252
6073 7259
6074 2119
6075 5473
6076 4025
6077 5911
6078 3665
6079 7645
6080 134
6081 4314
6082 2190
6083 2945
6084 1520
6085 4205
6086 4849
6087 4983
6088 286
6089 2664
6090 7327
6091 3266
6092 382
6093 1831
6094 5625
6095 2046
6096 542
6097 3959
6098 6817
6099 3599
6100 1753
6101 6469
6102 1072
6103 7981
6104 3859
6105 451
6106 7508
6107 993
6108 1323
6109 757
6110 7081
6111 5338
6112 4532
6113 3375
6114 5153
6115 3771
6116 1663
6117 1153
6118 50
6119 3180
6120 4114
6121 4639
6122 2344
6123 6097
6124 1417
6125 3010
6126 6749
6127 2484
6128 5220
6129 6198
6130 7173
6131 2763
6132 3098
6133 7010
6134 656
6135 7845
6136 6565
6137 3503
6138 8139
6139 7749
6140 5840
6141 2411
6142 6032
6143 5768
6144 2579
6145 5448
6146 4391
6147 2117
6148 1518
6149 7415
6150 4894
6151 7251
6152 4457
6153 2236
6154 6922
6155 251
6156 2891
6157 4794
6158 4247
6159 144
6160 3692
6161 3971
6162 6365
6163 1838
6164 5072
6165 1222
6166 5646
6167 4716
6168 904
6169 5952
6170 1922
6171 532
6172 8008
6173 339
6174 3876
6175 7083
6176 4557
6177 3402
6178 6857
6179 6262
6180 808
6181 730
6182 1732
6183 4985
6184 1300
6185 1054
6186 430
6187 5532
6188 3303
6189 4623
6190 1397
6191 7548
6192 3220
6193 7635
6194 1612
6195 2000
6196 6145
6197 2777
6198 5154
6199 7154
6200 3795
6201 2501
6202 72
6203 7003
6204 6648
6205 6750
6206 6016
6207 7871
6208 7343
6209 3017
6210 3123
6211 6
6212 5748
6213 6451
6214 3555
6215 4350
6216 3625
6217 1144
6218 7711
6219 2280
6220 6932
6221 3473
6222 4099
6223 2873
6224 5816
6225 2359
6226 602
6227 3714
6228 2186
6229 1534
6230 6333
6231 5614
6232 2675
6233 6569
6234 5352
6235 2426
6236 973
6237 4867
6238 7414
6239 7970
6240 1212
6241 326
6242 4221
6243 4698
6244 227
6245 790
6246 7273
6247 4968
6248 4553
6249 6860
6250 2604
6251 485
6252 5089
6253 4773
6254 1804
6255 3296
6256 3223
6257 5491
6258 8148
6259 5261
6260 1983
6261 1401
6262 6213
6263 7795
6264 7600
6265 7172
6266 1657
6267 3991
6268 3378
6269 4441
6270 3925
6271 7495
6272 3858
6273 1737
6274 79
6275 7000
6276 7874
6277 6672
6278 161
6279 6077
6280 1286
6281 674
6282 2786
6283 2533
6284 2121
6285 3518
6286 2979
6287 6504
6288 6747
6289 3650
6290 5955
6291 3075
6292 5713
6293 3773
6294 1478
6295 1138
6296 5808
6297 5192
6298 5388
6299 5875
6300 2
6301 1585
6302 2258
6303 4348
6304 1005
6305 4882
6306 8038
6307 4645
6308 390
6309 6300
6310 271
6311 3158
6312 7076
6313 4999
6314 4190
6315 7286
6316 2661
6317 5598
6318 5067
6319 1850
6320 6382
6321 7373
6322 570
6323 458
6324 4552
6325 2342
6326 2029
6327 6902
6328 2908
6329 5507
6330 7188
6331 1202
6332 3374
6333 8116
6334 7561
6335 7726
6336 3924
6337 773
6338 4713
6339 1742
6340 3257
6341 7854
6342 6667
6343 4069
6344 7928
6345 6999
6346 193
6347 1664
6348 3856
6349 6819
6350 1373
6351 6079
6352 6571
6353 6187
6354 3581
6355 3055
6356 2180
6357 6738
6358 3440
6359 663
6360 4480
6361 5322
6362 4281
6363 5882
6364 6455
6365 3700
6366 2576
6367 5404
6368 980
6369 4919
6370 2784
6371 5743
6372 1940
6373 7998
6374 1550
6375 2494
6376 4845
6377 7079
6378 6253
6379 283
6380 66
6381 7302
6382 3127
6383 5106
6384 7464
6385 5216
6386 372
6387 2657
6388 4173
6389 2247
6390 6364
6391 4365
6392 1066
6393 1833
6394 7150
6395 3511
6396 2313
6397 1483
6398 1171
6399 5488
6400 517
6401 2900
6402 3354
6403 7379
6404 3255
6405 7744
6406 848
6407 1280
6408 7679
6409 4043
6410 4108
6411 7900
6412 1647
6413 4585
6414 3892
6415 7564
6416 6006
6417 2110
6418 6974
6419 5575
6420 1367
6421 2430
6422 3968
6423 4760
6424 4674
6425 6855
6426 6647
6427 6113
6428 624
6429 8140
6430 3655
6431 5032
6432 951
6433 2011
6434 5343
6435 6189
6436 3048
6437 5663
6438 2762
6439 2541
6440 1566
6441 5873
6442 5754
6443 3726
6444 6479
6445 7222
6446 6718
6447 1764
6448 4852
6449 7448
6450 2976
6451 113
6452 3586
6453 5274
6454 6320
6455 4440
6456 4931
6457 4361
6458 3190
6459 1894
6460 2674
6461 257
6462 4192
6463 7124
6464 7052
6465 1136
6466 4286
6467 535
6468 7982
6469 463
6470 1213
6471 2859
6472 3334
6473 867
6474 3476
6475 5165
6476 7835
6477 7380
6478 4597
6479 7584
6480 189
6481 1462
6482 3265
6483 5971
6484 3872
6485 5505
6486 3993
6487 2423
6488 1371
6489 6898
6490 6977
6491 3407
6492 6073
6493 5424
6494 2331
6495 727
6496 4786
6497 1682
6498 4068
6499 2267
6500 6557
6501 2132
6502 7917
6503 3088
6504 5574
6505 4523
6506 657
6507 6401
6508 1605
6509 1288
6510 5344
6511 1528
6512 989
6513 2496
6514 341
6515 6175
6516 8180
6517 3659
6518 2927
6519 6270
6520 1828
6521 5667
6522 6701
6523 5767
6524 3576
6525 258
6526 4143
6527 7229
6528 2769
6529 2198
6530 4928
6531 2701
6532 534
6533 1919
6534 3195
6535 2862
6536 4207
6537 5260
6538 429
6539 3789
6540 5145
6541 861
6542 4273
6543 7514
6544 73
6545 2562
6546 8113
6547 2007
6548 5901
6549 4860
6550 3276
6551 8000
6552 4679
6553 177
6554 5986
6555 7847
6556 6336
6557 3888
6558 5506
6559 1101
6560 7004
6561 2636
6562 6849
6563 7362
6564 6472
6565 7677
6566 1209
6567 3403
6568 6108
6569 3468
6570 3031
6571 4399
6572 1755
6573 5049
6574 5429
6575 1446
6576 4522
6577 4764
6578 340
6579 1000
6580 1673
6581 931
6582 2956
6583 6215
6584 1347
6585 7581
6586 797
6587 669
6588 3630
6589 2114
6590 4142
6591 5703
6592 4015
6593 6641
6594 5773
6595 2719
6596 1536
6597 5570
6598 6755
6599 593
6600 6927
6601 7125
6602 4966
6603 2266
6604 5256
6605 7934
6606 3545
6607 4230
6608 5189
6609 7207
6610 2470
6611 7427
6612 3156
6613 69
6614 1982
6615 5846
6616 2794
6617 2356
6618 162
6619 494
6620 8068
6621 7861
6622 2188
6623 1865
6624 3864
6625 5974
6626 6319
6627 4617
6628 3235
6629 3765
6630 6841
6631 6517
6632 231
6633 1172
6634 5324
6635 1242
6636 2563
6637 3092
6638 6127
6639 5497
6640 1469
6641 5035
6642 3464
6643 7325
6644 7702
6645 948
6646 419
6647 6423
6648 1021
6649 8156
6650 1403
6651 5
6652 6053
6653 736
6654 4693
6655 4890
6656 3942
6657 1628
6658 4801
6659 4431
6660 2962
6661 6616
6662 834
6663 355
6664 4071
6665 3675
6666 6964
6667 5397
6668 5778
6669 5605
6670 646
6671 1774
6672 7105
6673 5709
6674 2421
6675 3028
6676 2635
6677 4496
6678 7398
6679 1702
6680 2054
6681 78
6682 2252
6683 2343
6684 3385
6685 7617
6686 5155
6687 6704
6688 2492
6689 4185
6690 2142
6691 7515
6692 1904
6693 3815
6694 4969
6695 6824
6696 2864
6697 7995
6698 8060
6699 5293
6700 5981
6701 6338
6702 3533
6703 4338
6704 1244
6705 269
6706 143
6707 6263
6708 550
6709 6501
6710 3598
6711 947
6712 6137
6713 3178
6714 7224
6715 2764
6716 5062
6717 2564
6718 7856
6719 3288
6720 5486
6721 6426
6722 733
6723 3969
6724 7294
6725 3110
6726 4865
6727 4731
6728 859
6729 5888
6730 1420
6731 1122
6732 7034
6733 1525
6734 8143
6735 5774
6736 6595
6737 4651
6738 7777
6739 1595
6740 3708
6741 3002
6742 4402
6743 615
6744 1048
6745 1996
6746 4060
6747 7378
6748 5599
6749 7446
6750 7623
6751 5213
6752 3421
6753 4203
6754 1699
6755 1350
6756 5409
6757 335
6758 6961
6759 4989
6760 455
6761 7140
6762 7931
6763 2155
6764 2308
6765 5693
6766 2376
6767 1834
6768 2239
6769 2893
6770 5335
6771 6784
6772 20
6773 3791
6774 6877
6775 1197
6776 5975
6777 2069
6778 256
6779 3571
6780 136
6781 1767
6782 6669
6783 4549
6784 1918
6785 7552
6786 6168
6787 3252
6788 3326
6789 5105
6790 4317
6791 7214
6792 3497
6793 3067
6794 4749
6795 1281
6796 2672
6797 4866
6798 751
6799 7046
6800 5782
6801 2561
6802 7843
6803 1617
6804 6232
6805 6514
6806 3653
6807 543
6808 1022
6809 939
6810 3134
6811 637
6812 5523
6813 6101
6814 2799
6815 1549
6816 3953
6817 8035
6818 5857
6819 1439
6820 4214
6821 7710
6822 3881
6823 3724
6824 2978
6825 5040
6826 6334
6827 5400
6828 4653
6829 7643
6830 4481
6831 3401
6832 866
6833 4018
6834 2310
6835 4131
6836 5608
6837 7480
6838 5205
6839 2870
6840 2378
6841 2058
6842 6904
6843 5994
6844 6746
6845 3562
6846 296
6847 2229
6848 376
6849 6679
6850 7365
6851 1345
6852 6410
6853 4957
6854 129
6855 5680
6856 4395
6857 3790
6858 5276
6859 1760
6860 7909
6861 2128
6862 1935
6863 7161
6864 2673
6865 4886
6866 747
6867 6608
6868 7566
6869 2598
6870 4315
6871 4765
6872 2468
6873 3045
6874 8122
6875 4558
6876 6246
6877 618
6878 1165
6879 1577
6880 6478
6881 3331
6882 5470
6883 3216
6884 1437
6885 683
6886 1843
6887 981
6888 2804
6889 7226
6890 1086
6891 2954
6892 3910
6893 7666
6894 7063
6895 1247
6896 4641
6897 6343
6898 57
6899 5887
6900 3145
6901 464
6902 3443
6903 6997
6904 5348
6905 2026
6906 6064
6907 5582
6908 7434
6909 7807
6910 7290
6911 4070
6912 194
6913 3582
6914 5961
6915 3983
6916 1312
6917 348
6918 6798
6919 1693
6920 5060
6921 3702
6922 6721
6923 5139
6924 4980
6925 5786
6926 4161
6927 7940
6928 851
6929 5252
6930 552
6931 5675
6932 2667
6933 2602
6934 7500
6935 4824
6936 2485
6937 2379
6938 2890
6939 8009
6940 6864
6941 6268
6942 1952
6943 273
6944 8082
6945 2285
6946 1175
6947 4293
6948 786
6949 6492
6950 660
6951 7876
6952 1867
6953 5463
6954 2792
6955 3016
6956 1571
6957 4473
6958 1029
6959 3847
6960 3244
6961 7147
6962 4667
6963 1477
6964 4753
6965 3142
6966 6643
6967 6998
6968 7651
6969 2064
6970 443
6971 3914
6972 6419
6973 7065
6974 3349
6975 7244
6976 1379
6977 7419
6978 4910
6979 3517
6980 1241
6981 2172
6982 187
6983 114
6984 3444
6985 7787
6986 3757
6987 6561
6988 5333
6989 6040
6990 1729
6991 923
6992 4048
6993 3638
6994 5800
6995 5241
6996 7571
6997 2681
6998 5867
6999 548
7000 2515
7001 5621
7002 5164
7003 6777
7004 7484
7005 6165
7006 7719
7007 2913
7008 1953
7009 4357
7010 1645
7011 4154
7012 802
7013 5721
7014 8127
7015 7896
7016 1109
7017 6249
7018 2320
7019 2397
7020 1854
7021 5447
7022 2760
7023 2984
7024 3243
7025 5097
7026 4425
7027 659
7028 8013
7029 4818
7030 6684
7031 4994
7032 3109
7033 1042
7034 1487
7035 333
7036 4518
7037 401
7038 4730
7039 4652
7040 7040
7041 2027
7042 7389
7043 4218
7044 6944
7045 6359
7046 472
7047 7283
7048 6858
7049 3937
7050 3393
7051 3536
7052 7117
7053 7181
7054 74
7055 239
7056 6511
7057 5978
7058 5516
7059 5237
7060 5351
7061 2632
7062 1372
7063 7789
7064 919
7065 2098
7066 5871
7067 6604
7068 4016
7069 2510
7070 7681
7071 5807
7072 5162
7073 1285
7074 7513
7075 3842
7076 6765
7077 5668
7078 6135
7079 817
7080 5595
7081 4339
7082 1179
7083 3176
7084 6286
7085 6056
7086 2377
7087 2243
7088 1859
7089 2919
7090 3007
7091 643
7092 569
7093 4799
7094 4453
7095 3648
7096 7991
7097 8087
7098 1683
7099 4965
7100 2755
7101 714
7102 4126
7103 1497
7104 1596
7105 5031
7106 999
7107 4563
7108 4715
7109 7603
7110 391
7111 6925
7112 470
7113 7285
7114 2015
7115 3247
7116 3456
7117 3774
7118 1088
7119 1783
7120 2827
7121 5982
7122 7893
7123 235
7124 6515
7125 5393
7126 7449
7127 5296
7128 3327
7129 1358
7130 2094
7131 4898
7132 6851
7133 102
7134 7763
7135 6639
7136 1425
7137 7113
7138 6351
7139 922
7140 7220
7141 7382
7142 5760
7143 1937
7144 2683
7145 2171
7146 5885
7147 1277
7148 831
7149 2554
7150 6720
7151 2261
7152 4235
7153 2894
7154 6240
7155 6075
7156 575
7157 5533
7158 3933
7159 5607
7160 5113
7161 7026
7162 1162
7163 7685
7164 5228
7165 4009
7166 2435
7167 4124
7168 4810
7169 693
7170 2754
7171 3617
7172 3077
7173 4312
7174 3011
7175 4997
7176 1601
7177 7988
7178 1712
7179 4709
7180 3843
7181 3208
7182 474
7183 4604
7184 1514
7185 4507
7186 7601
7187 3452
7188 1789
7189 6420
7190 5374
7191 207
7192 1037
7193 8110
7194 763
7195 7489
7196 6853
7197 2326
7198 4918
7199 3284
7200 111
7201 7146
7202 2080
7203 6929
7204 7830
7205 1391
7206 282
7207 5682
7208 5820
7209 6011
7210 5932
7211 941
7212 5305
7213 2646
7214 6530
7215 836
7216 3690
7217 6700
7218 7421
7219 1883
7220 1229
7221 2206
7222 2909
7223 574
7224 1974
7225 5143
7226 5611
7227 6214
7228 5484
7229 4435
7230 2531
7231 3954
7232 6104
7233 4177
7234 6630
7235 408
7236 2428
7237 4813
7238 6297
7239 7047
7240 1125
7241 1313
7242 3379
7243 4678
7244 2727
7245 7318
7246 3523
7247 3834
7248 3085
7249 1479
7250 7620
7251 7752
7252 2791
7253 4543
7254 4033
7255 3001
7256 489
7257 8119
7258 1805
7259 6374
7260 1642
7261 7921
7262 5380
7263 3164
7264 4343
7265 1548
7266 4264
7267 5027
7268 6950
7269 7194
7270 89
7271 644
7272 240
7273 1713
7274 7492
7275 7987
7276 5208
7277 7836
7278 3239
7279 958
7280 6833
7281 4934
7282 5837
7283 174
7284 5715
7285 821
7286 309
7287 2922
7288 1061
7289 2017
7290 2223
7291 5997
7292 6716
7293 1936
7294 6216
7295 5108
7296 5554
7297 1394
7298 6126
7299 3656
7300 4162
7301 2102
7302 6636
7303 4800
7304 5482
7305 1302
7306 5306
7307 5905
7308 3744
7309 1224
7310 579
7311 2583
7312 3420
7313 2464
7314 7093
7315 3901
7316 3553
7317 2758
7318 5629
7319 2679
7320 7306
7321 447
7322 1141
7323 6422
7324 3317
7325 4092
7326 5385
7327 3139
7328 4535
7329 6323
7330 7590
7331 4027
7332 7908
7333 4723
7334 1824
7335 3830
7336 4650
7337 81
7338 4360
7339 691
7340 1648
7341 8049
7342 7831
7343 2841
7344 7487
7345 4872
7346 4463
7347 6792
7348 7732
7349 375
7350 2363
7351 7189
7352 5024
7353 3219
7354 5729
7355 2213
7356 780
7357 6495
7358 156
7359 264
7360 969
7361 870
7362 1579
7363 4291
7364 6123
7365 6980
7366 5834
7367 3027
7368 6598
7369 2038
7370 4182
7371 4803
7372 5284
7373 5959
7374 5116
7375 7372
7376 3750
7377 5538
7378 1423
7379 5462
7380 1233
7381 3530
7382 2581
7383 1727
7384 2776
7385 7976
7386 1328
7387 6250
7388 3335
7389 7304
7390 7112
7391 4954
7392 6038
7393 491
7394 5643
7395 6431
7396 583
7397 2286
7398 3903
7399 4118
7400 2942
7401 3678
7402 84
7403 4581
7404 3125
7405 654
7406 5207
7407 1801
7408 7521
7409 7648
7410 7846
7411 8064
7412 1055
7413 1866
7414 6874
7415 3406
7416 7185
7417 7452
7418 7745
7419 2857
7420 2707
7421 1948
7422 2126
7423 229
7424 297
7425 2418
7426 2204
7427 820
7428 1492
7429 4494
7430 5747
7431 4376
7432 6717
7433 6621
7434 1650
7435 6791
7436 3058
7437 4752
7438 742
7439 5370
7440 4000
7441 4202
7442 889
7443 7370
7444 5830
7445 5436
7446 3236
7447 1717
7448 2565
7449 6948
7450 1374
7451 6267
7452 6138
7453 3531
7454 5566
7455 3305
7456 4901
7457 431
7458 7968
7459 5061
7460 1250
7461 7263
7462 3931
7463 3758
7464 6476
7465 2947
7466 4302
7467 6063
7468 5679
7469 525
7470 5232
7471 1796
7472 3854
7473 6331
7474 2059
7475 5899
7476 7877
7477 4609
7478 6398
7479 7061
7480 7616
7481 6549
7482 63
7483 3603
7484 3153
7485 2753
7486 3672
7487 4115
7488 154
7489 1047
7490 7541
7491 8133
7492 1447
7493 614
7494 2158
7495 7139
7496 2303
7497 2883
7498 8043
7499 816
7500 4407
7501 6724
7502 4682
7503 1920
7504 2405
7505 5987
7506 4038
7507 963
7508 248
7509 4982
7510 4540
7511 7682
7512 704
7513 1624
7514 6887
7515 4793
7516 7363
7517 2607
7518 7798
7519 2238
7520 3431
7521 3020
7522 3514
7523 6631
7524 5604
7525 6965
7526 3951
7527 6261
7528 1296
7529 5396
7530 7240
7531 5764
7532 5474
7533 2505
7534 1728
7535 477
7536 1156
7537 4306
7538 6070
7539 4883
7540 1521
7541 2034
7542 547
7543 1376
7544 4472
7545 6473
7546 3347
7547 3250
7548 7946
7549 3779
7550 41
7551 2694
7552 153
7553 2807
7554 5163
7555 4175
7556 7532
7557 381
7558 5860
7559 5291
7560 7132
7561 880
7562 8114
7563 3682
7564 4380
7565 7872
7566 6715
7567 6143
7568 3169
7569 7067
7570 4047
7571 2393
7572 1023
7573 5010
7574 8016
7575 6354
7576 737
7577 5938
7578 1902
7579 290
7580 7371
7581 6563
7582 1798
7583 4661
7584 3851
7585 2220
7586 3491
7587 1653
7588 5078
7589 5586
7590 5665
7591 6276
7592 6634
7593 2122
7594 2617
7595 7307
7596 2895
7597 5428
7598 1449
7599 6947
7600 611
7601 6867
7602 5738
7603 4577
7604 3577
7605 7676
7606 1998
7607 3412
7608 4874
7609 5361
7610 4741
7611 5520
7612 450
7613 1188
7614 4509
7615 2730
7616 946
7617 3006
7618 1517
7619 4156
7620 2292
7621 4251
7622 3322
7623 804
7624 365
7625 1297
7626 6041
7627 7190
7628 3666
7629 7933
7630 7545
7631 85
7632 876
7633 3956
7634 2802
7635 185
7636 4342
7637 7013
7638 1102
7639 6466
7640 1383
7641 6371
7642 6193
7643 3248
7644 3152
7645 7469
7646 6778
7647 3746
7648 8086
7649 5262
7650 5883
7651 4090
7652 3887
7653 1629
7654 7770
7655 701
7656 5176
7657 2165
7658 5809
7659 2441
7660 2641
7661 539
7662 2901
7663 7369
7664 2507
7665 4973
7666 279
7667 1851
7668 7270
7669 8011
7670 4593
7671 6697
7672 2039
7673 5976
7674 5735
7675 3820
7676 5525
7677 1921
7678 1746
7679 7684
7680 6618
7681 5596
7682 5420
7683 3565
7684 459
7685 3397
7686 6942
7687 4707
7688 2281
7689 2725
7690 3026
7691 982
7692 1560
7693 3490
7694 7199
7695 5080
7696 1253
7697 118
7698 892
7699 6060
7700 200
7701 3658
7702 4331
7703 7870
7704 7014
7705 6308
7706 6470
7707 345
7708 5670
7709 3294
7710 4840
7711 1117
7712 8118
7713 4460
7714 5337
7715 796
7716 3987
7717 6157
7718 1489
7719 5259
7720 4147
7721 4216
7722 7582
7723 1184
7724 1661
7725 678
7726 7780
7727 1354
7728 2935
7729 2135
7730 576
7731 1825
7732 6223
7733 4938
7734 6535
7735 2384
7736 6733
7737 7952
7738 2066
7739 7357
7740 3884
7741 7089
7742 3742
7743 5920
7744 4578
7745 3182
7746 1980
7747 7494
7748 5416
7749 2529
7750 277
7751 2214
7752 7712
7753 2846
7754 5780
7755 6800
7756 5990
7757 1422
7758 2319
7759 4685
7760 7646
7761 1916
7762 938
7763 5580
7764 167
7765 439
7766 3021
7767 2728
7768 3492
7769 5140
7770 1263
7771 7278
7772 7848
7773 3664
7774 2453
7775 6993
7776 4823
7777 3350
7778 2645
7779 6607
7780 800
7781 1740
7782 6377
7783 7198
7784 5285
7785 6151
7786 4297
7787 4485
7788 8101
7789 1600
7790 504
7791 4049
7792 5684
7793 4368
7794 352
7795 4152
7796 1351
7797 7425
7798 1671
7799 1486
7800 6532
7801 5075
7802 6231
7803 7562
7804 76
7805 4900
7806 5510
7807 4992
7808 3915
7809 8014
7810 6072
7811 2148
7812 682
7813 6309
7814 5438
7815 7947
7816 2230
7817 1083
7818 568
7819 2005
7820 3787
7821 2858
7822 5215
7823 2385
7824 4714
7825 4600
7826 3168
7827 7637
7828 4225
7829 921
7830 1180
7831 5939
7832 3461
7833 7713
7834 1260
7835 1886
7836 6830
7837 2993
7838 3722
7839 2712
7840 5781
7841 7819
7842 2612
7843 3554
7844 6710
7845 783
7846 1763
7847 7171
7848 2513
7849 6150
7850 4779
7851 7082
7852 3329
7853 7300
7854 5347
7855 992
7856 145
7857 8149
7858 6392
7859 7015
7860 6008
7861 5697
7862 318
7863 5282
7864 4449
7865 4330
7866 6587
7867 6509
7868 1370
7869 1438
7870 4101
7871 3986
7872 59
7873 1615
7874 7569
7875 6220
7876 454
7877 221
7878 7391
7879 4876
7880 662
7881 6318
7882 6951
7883 7899
7884 2226
7885 1679
7886 7964
7887 1056
7888 2813
7889 5602
7890 5173
7891 2140
7892 4961
7893 3852
7894 4208
7895 4620
7896 5854
7897 1157
7898 3651
7899 3475
7900 865
7901 8061
7902 7709
7903 2955
7904 3411
7905 3770
7906 1541
7907 4554
7908 1880
7909 7236
7910 7818
7911 3183
7912 2006
7913 3042
7914 4732
7915 2455
7916 6809
7917 2556
7918 1251
7919 3338
7920 771
7921 1748
7922 6146
7923 974
7924 2691
7925 5468
7926 5357
7927 128
7928 2878
7929 7168
7930 7027
7931 6031
7932 2333
7933 6490
7934 5041
7935 4806
7936 3117
7937 4451
7938 4065
7939 4320
7940 8137
7941 1407
7942 374
7943 5928
7944 5250
7945 7595
7946 5737
7947 6600
7948 7331
7949 6301
7950 210
7951 6943
7952 1644
7953 7883
7954 502
7955 5640
7956 2265
7957 3885
7958 2081
7959 3543
7960 5119
7961 672
7962 3674
7963 2159
7964 7957
7965 5562
7966 4206
7967 7667
7968 3418
7969 4935
7970 2814
7971 1073
7972 1868
7973 3783
7974 4521
7975 850
7976 7257
7977 8022
7978 7767
7979 4591
7980 1942
7981 1488
7982 2504
7983 1207
7984 6859
7985 2584
7986 6096
7987 997
7988 3309
7989 6203
7990 4700
7991 2666
7992 2898
7993 2745
7994 5389
7995 1719
7996 1275
7997 107
7998 1794
7999 2353
8000 7008
8001 760
8002 3131
8003 6498
8004 6022
8005 1402
8006 4319
8007 317
8008 4842
8009 4030
8010 8124
8011 7577
8012 4117
8013 5793
8014 6575
8015 5889
8016 6357
8017 4429
8018 7888
8019 7345
8020 5660
8021 1651
8022 228
8023 3911
8024 5273
8025 5122
8026 3593
8027 2093
8028 7163
8029 549
8030 2277
8031 3699
8032 5202
8033 3409
8034 2157
8035 4252
8036 3480
8037 4181
8038 1075
8039 7655
8040 829
8041 686
8042 4914
8043 4579
8044 3801
8045 620
8046 1928
8047 7788
8048 2519
8049 6808
8050 7960
8051 7722
8052 393
8053 7264
8054 942
8055 4758
8056 1547
8057 2867
8058 6244
8059 6174
8060 1223
8061 2943
8062 6095
8063 2690
8064 7050
8065 1311
8066 1827
8067 6981
8068 1466
8069 6029
8070 4363
8071 6468
8072 1752
8073 2369
8074 1008
8075 8078
8076 7556
8077 4116
8078 4010
8079 5730
8080 5894
8081 5410
8082 7890
8083 6582
8084 5649
8085 314
8086 183
8087 3866
8088 7332
8089 6315
8090 5796
8091 5330
8092 5136
8093 7195
8094 506
8095 90
8096 5243
8097 2240
8098 2151
8099 3703
8100 4285
8101 1621
8102 3477
8103 4217
8104 827
8105 697
8106 3371
8107 3639
8108 7647
8109 4625
8110 4963
8111 4899
8112 2516
8113 7815
8114 1906
8115 8004
8116 4550
8117 6805
8118 259
8119 4808
8120 4718
8121 2849
8122 1445
8123 6173
8124 1411
8125 2938
8126 6959
8127 2671
8128 7764
8129 5930
8130 7820
8131 1414
8132 3816
8133 6026
8134 846
8135 6491
8136 1706
8137 2340
8138 1067
8139 8095
8140 358
8141 1412
8142 2112
8143 5718
8144 5708
8145 4212
8146 7910
8147 6087
8148 5603
8149 6025
8150 3873
8151 818
8152 7344
8153 6265
8154 5620
8155 812
8156 2512
8157 7242
8158 3681
8159 6257
8160 4738
8161 3704
8162 3365
8163 2108
8164 4296
8165 2175
8166 3505
8167 1929
8168 7897
8169 724
8170 5699
8171 7673
8172 6142
8173 4640
8174 4967
8175 3483
8176 3709
8177 860
8178 1495
8179 8006
8180 4564
8181 3849
8182 1889
8183 7889
8184 5731
8185 1895
8186 688
8187 2930
8188 2574
8189 2948
8190 7001
8191 2682
